15.000000876434926411207016
14.999999989339151795775251
15.000000066568118128884635
14.999999710102267513889274
15.000000251446691024170832
14.999998699565031401448323
15.000000224290975125995828
14.999999707186901787281386
14.999999343462571133045458
14.999999126311895025764898
15.000002188230650901346053
14.999999261334874489648428
14.999998789626816986242375
14.999999391656535507877379
15.000000542383242319033343
14.999999365057297140424453
14.999999320676165481813769
15.000001746633971677624686
14.999999597764356096263327
14.999999593220715965458112
14.999999285054741449130233
15.000000385912716893699326
15.000000097067225368618892
15.000000274512398590331941
14.999999311623112063784902
14.999999653624744411217762
15.000000566113611100149683
15.000001266759412033025001
15.000000596440996147862279
14.999998751471553148917337
15.000000035773487283563554
15.000002320660335897173354
15.000001002642166625378195
14.999999080226032788232260
15.000000094356400026640586
15.000000520224892497367364
15.000000284442352338487581
15.000000263889623042246058
15.000000418499968901642205
14.999998893670626998186890
14.999999829955211083643007
15.000000305177463744144006
14.999999748147907041584403
15.000000341549865723322910
15.000001067306959257052767
14.999999459244595101381492
14.999998557443483093720715
15.000000422242177222642567
14.999998388047552921875649
15.000000631811055029629642
15.000001683860515910851063
15.000000574080091908513168
14.999999951695055955269709
14.999999208765473213134101
14.999999528492784506283897
15.000000593833206607996544
15.000000690069056119568813
15.000000883937580908877862
15.000000117180547931639012
15.000000359961468632263859
15.000000671087278192317171
14.999999331150322134931230
15.000001006863248775857755
15.000000204919587076801690
14.999999420086364665394285
15.000000941158653233742371
15.000000600767551262038069
15.000000480824789761413740
14.999999923921519595637619
15.000000161989962776942775
14.999999987501803744294193
15.000001275345521634108081
14.999999698596534258854263
14.999999581343971044589125
15.000000403449611496853322
15.000000478011019211521671
15.000000091807828894729937
15.000000883030832454778647
14.999999046010016101604378
14.999999312931295847306501
14.999999289236205513020650
14.999999658181229378328680
14.999999394446472678055216
15.000000897177812930749496
15.000000075261137766347019
14.999999855685722138787241
14.999998015334542245113880
15.000001421868969231354640
14.999998954279519125520892
15.000000349204473337749732
14.999999312505973847464702
15.000000582050581954263180
14.999999152626983800473681
15.000000335361615810825242
15.000000151261586367468226
14.999999782728266950471152
14.999999980632539475777776
15.000000233866655818815161
15.000001317269605394244536
14.999999809413903761878828
