15.785074
15.834600
15.904161
15.934236
16.266790
16.238457
16.468427
16.588388
17.037520
17.016273
17.082333
17.127074
16.937750
16.920011
16.877698
17.007960
17.070395
17.060105
16.912414
17.033806
16.849460
16.728653
16.737438
16.579536
16.685462
16.974483
17.035761
16.938691
17.043514
17.025688
16.946925
17.023698
16.933778
16.994562
17.002207
17.234823
17.285277
17.325335
17.343912
17.131398
17.262547
17.572800
17.550300
16.748628
16.678709
16.538329
16.614322
16.400795
16.375422
16.259887
16.200984
16.045413
15.860287
15.930399
15.327198
15.297547
15.344423
15.445395
15.391437
15.372429
15.237826
15.393660
15.469386
15.322394
15.393505
15.407293
15.221117
14.915221
15.007301
15.249050
15.049631
15.054744
14.682750
14.672680
14.837378
14.902978
14.870986
14.915064
14.924995
14.807376
14.847586
14.987599
14.947671
14.719217
14.588534
14.688544
14.734043
15.016112
15.034489
15.254979
14.952591
14.902060
14.768453
14.833827
14.829456
14.933700
14.929606
14.862401
14.856443
14.904311
15.169707
15.315391
15.428016
15.455038
15.299656
15.301133
15.278846
15.321452
15.070399
15.040158
14.965897
14.878271
15.001666
14.747011
14.704426
14.694843
14.675825
14.646830
14.775723
14.811511
14.733793
14.901424
14.741427
14.759439
14.496571
14.515168
14.515168
14.489962
14.586534
14.541804
14.264665
14.264665
14.428521
14.503093
14.500041
14.430730
14.879494
14.894098
14.829078
14.972573
14.756602
14.756602
14.753727
14.861230
14.836354
14.984370
15.109144
15.232981
15.261569
15.359306
15.264788
15.484495
15.801582
15.813790
15.915555
15.950083
15.861973
15.674569
15.827192
15.774241
15.594346
15.409022
16.166256
16.439243
16.523533
16.661843
16.659177
16.659246
16.657659
16.760459
17.023862
17.002859
16.974592
17.205501
17.414909
17.690627
17.799602
18.216152
18.118903
18.088839
18.387875
18.019035
17.869521
18.129287
18.094911
17.986500
17.804319
17.492283
17.653541
17.829182
17.876208
17.999822
18.042660
18.453183
18.377751
18.438309
18.450705
18.807817
18.495957
18.755088
18.454942
18.558406
18.649327
18.555254
18.124869
18.339079
18.244948
18.604224
18.625468
19.029869
18.985435
18.972418
19.097772
18.931054
18.824305
18.886136
18.880111
18.710001
18.461017
18.380937
18.663399
18.623184
18.647897
18.489763
18.484455
18.423837
17.989962
17.784117
18.121357
18.015400
18.071764
17.896489
17.801953
17.926663
17.858732
17.915689
17.106161
17.096027
17.129393
16.903816
16.927649
16.960392
16.857755
16.605613
16.701846
16.703995
16.694318
16.702242
16.695671
16.532804
16.659070
16.624954
16.617031
16.748740
16.676202
16.781430
16.810192
16.810192
16.874863
16.883899
16.646010
16.575458
16.484883
16.613247
16.734396
16.481568
16.706974
16.628813
16.339858
16.186279
16.121837
16.260540
16.193984
16.116350
16.383563
16.399457
16.527816
16.326713
16.072467
16.195417
16.319951
16.311764
16.369414
16.445718
16.503165
16.084890
16.104021
16.031101
15.886091
16.025492
16.010871
15.825844
15.891324
15.908945
16.016684
15.903472
15.890639
15.921509
15.846900
15.765651
15.785457
15.800963
15.837993
15.840895
15.793067
15.880819
16.021121
16.126111
16.152887
16.190369
16.251139
15.933760
16.003005
16.170182
16.074637
15.869790
15.844570
16.154685
16.330900
16.148150
16.289313
16.322839
16.279446
16.019162
16.099073
16.303517
16.237219
16.246788
16.115538
16.108245
16.587302
16.628920
15.795971
15.856533
16.161759
16.054711
15.843697
15.935619
15.977867
16.364096
16.374973
16.064938
15.945627
16.088940
15.961594
15.768331
15.748726
15.937393
16.016679
16.180899
16.075834
16.027094
16.027094
16.133002
15.671924
15.593026
15.431882
15.285375
15.401271
15.445302
15.535420
15.384074
15.660136
15.440332
15.286119
15.492085
15.507761
15.969954
16.082483
16.091555
16.113163
15.982748
15.828658
15.675093
15.475003
15.690255
15.646231
15.817601
15.807764
15.924105
15.889289
15.865407
15.847525
15.659417
16.076807
15.545592
15.618248
15.621765
15.595034
15.706931
15.579488
15.562628
15.655227
15.620973
15.558084
15.039475
15.086689
15.072410
15.082977
14.951657
14.883030
14.924893
15.056335
14.927112
15.002882
15.026780
15.038737
15.093168
15.053358
14.987125
15.190406
14.935808
14.890959
14.940671
15.221274
15.245003
15.309538
15.277873
15.379323
15.361990
15.484554
15.541767
15.613078
15.699991
15.725249
15.834226
15.860126
15.757500
15.811668
15.752122
15.547099
15.477801
15.458695
15.461339
15.451481
15.371707
15.718345
15.732629
15.648483
15.578917
15.676336
15.667527
15.832638
16.009724
16.094122
16.212345
16.305987
16.098412
16.174785
16.174785
16.001326
15.854934
15.599400
15.672767
15.620308
15.755444
15.848422
15.737016
15.618770
15.481604
15.431162
15.394362
15.257290
15.433688
15.590044
15.570102
15.247620
15.365948
15.434233
15.465297
15.571183
15.533576
15.425828
15.189552
15.632854
15.958141
15.883979
15.843530
15.495268
15.563371
15.513930
15.193105
15.380199
15.056292
15.116750
15.128997
14.975568
14.980619
14.902305
14.913343
15.039705
15.014338
14.987953
15.135573
15.240383
15.101421
15.144424
15.209600
15.010177
14.923584
14.835757
14.811383
14.862811
15.099913
14.981133
14.985118
15.122069
14.765257
14.532233
14.603703
14.533983
14.277332
14.322950
14.225412
14.065446
14.054179
14.065607
14.022632
13.996401
13.972326
14.139902
14.154543
14.115587
14.174497
14.204091
14.201219
14.265859
14.291082
14.199142
13.994630
14.042989
14.093997
14.133400
14.047875
13.977798
13.990869
14.063488
13.916651
13.803603
13.903905
13.926588
13.937331
13.876103
13.965955
13.945253
13.873567
13.889950
13.854178
14.013680
14.032884
13.975442
14.081273
14.253402
14.220922
14.235440
14.201679
14.172289
13.966719
13.798710
13.951888
13.881057
14.082124
14.082124
14.303321
14.241047
14.466940
14.527802
14.527802
14.623559
14.651090
14.937113
14.849175
14.948479
14.993435
14.733869
14.580472
14.489063
14.532071
14.466116
14.456851
14.382226
14.265946
14.278631
14.255656
14.348908
14.399412
14.026790
14.032007
13.914878
13.915738
13.922225
14.147269
14.407625
14.312306
14.485763
14.752183
14.787706
14.702912
14.684582
14.585165
14.635891
14.372475
14.540349
14.644671
14.701791
15.022891
15.124889
15.043283
15.043283
15.074928
14.869827
14.803133
14.825475
14.934487
15.414777
15.446435
15.203471
15.487631
15.728862
15.761727
15.738957
15.750988
15.757208
15.877259
15.899760
16.130024
16.078638
16.033534
15.592286
15.802825
15.926050
15.835701
15.686653
15.545399
15.381944
15.416221
15.275705
15.258893
15.548000
15.289187
15.395618
15.344798
15.267772
15.205468
15.144739
14.931236
15.020584
14.945854
14.988991
14.940218
14.882832
14.963846
14.897527
14.867683
14.788505
14.763231
14.683378
14.626606
14.590599
14.644606
14.673566
14.619568
14.580863
14.658960
14.756050
14.808114
14.860322
14.893429
15.087117
15.206641
15.345037
15.284438
15.289912
15.402743
15.490803
15.357397
15.209145
15.240804
15.297832
15.375014
15.406840
15.598690
15.319760
15.350390
15.243800
15.025196
15.008235
15.002067
15.132582
15.217882
14.941750
14.956196
15.086908
15.056150
14.982587
14.822832
14.775916
15.095912
14.797191
14.680645
14.601299
14.479104
14.391579
14.217409
14.302107
14.376050
14.493852
14.572114
14.434499
14.304049
14.273557
14.715754
14.648801
14.832781
14.887218
14.856334
14.823054
14.769222
14.618182
14.671201
14.558127
14.610004
14.651119
14.576668
14.524651
14.556606
14.525153
14.571549
14.727823
14.763460
14.761886
15.114904
15.040945
14.903746
14.779814
14.693623
14.673853
14.858679
15.099661
14.996729
15.118436
15.033274
15.076191
15.033179
15.178965
15.253234
15.233898
15.157036
15.311793
15.175659
15.117193
15.138597
15.070382
15.049654
15.058874
14.957709
15.093587
14.898012
14.916601
14.958920
14.748475
14.343274
14.480613
14.577113
14.480352
14.591225
14.611328
14.694124
14.529792
14.454113
14.478805
14.491180
14.701095
14.393614
14.162235
14.190197
14.288343
14.298963
14.394668
14.575479
14.644909
14.638570
14.503796
14.486406
14.576582
14.627269
14.777035
14.894592
14.929885
14.771948
14.728741
14.753510
14.887092
14.907617
14.691726
14.717458
14.751862
14.899013
14.793237
15.090248
14.757344
14.913913
14.751510
14.727022
14.822729
14.735642
14.896941
14.842557
14.841253
14.687841
15.076509
15.027372
14.907980
15.063252
15.042718
15.111888
15.232314
15.343434
15.306109
15.345976
15.328347
15.157868
15.038335
15.076620
15.080248
14.994906
15.051843
15.109579
15.350711
15.258784
15.286300
15.460263
15.535005
15.466739
15.270617
15.378876
15.282513
15.303733
15.133395
15.119632
15.148620
15.450197
15.672402
15.721185
15.997714
15.933038
15.706438
15.199528
15.249087
15.275398
15.528485
15.551623
15.545092
15.781534
15.934072
15.779721
15.845199
15.610462
15.399075
15.285777
15.285777
15.347548
15.558172
15.485669
15.606277
15.841685
15.888075
16.265420
16.121541
16.321813
16.105754
15.926497
15.968939
15.900595
16.082051
15.956190
16.034017
16.108490
15.925946
16.202515
16.262922
15.974002
16.049480
15.999121
15.939765
16.055318
15.761306
15.884733
15.728775
15.898532
16.149066
16.571812
16.458911
16.707896
16.531250
16.095253
15.748906
15.796051
15.986454
15.770013
15.822241
15.827682
15.788423
15.736266
15.972327
15.835410
15.873298
15.590017
15.321156
15.259005
15.117239
15.155348
15.230725
15.146842
15.120583
15.089585
15.179596
15.281576
15.281869
15.361342
15.615469
15.540149
15.394758
15.532283
15.525717
15.273027
15.479938
15.547195
15.537647
15.447383
15.430623
15.304234
15.299675
15.457929
15.565034
15.340471
15.446567
15.328467
15.260875
15.640262
15.750268
15.675563
16.002476
16.118375
15.789652
15.604133
15.530059
15.622950
15.669308
15.800666
15.714528
15.677148
15.728018
15.631803
15.663061
16.019139
15.687979
15.527461
15.386656
15.377748
15.481401
15.679059
15.715373
15.789607
15.730234
15.801260
16.039153
16.046360
15.870147
15.848625
15.846899
15.836515
15.904735
15.658296
15.799314
15.797706
15.810927
16.254677
16.182494
16.256100
15.900338
15.817146
16.106410
15.842890
15.837892
15.895225
15.838702
15.996751
16.118949
16.242045
16.114714
16.063686
16.063686
16.330295
16.383534
16.614507
16.297528
16.410579
16.410579
16.105175
16.376644
16.458869
16.147145
16.533333
16.266376
16.232230
16.194841
16.165503
16.627845
16.066829
16.023744
15.989381
15.830046
16.146515
16.101774
15.847908
15.848908
15.798888
15.856423
15.943560
15.952047
15.851198
16.247518
16.491548
16.421641
16.485847
16.348752
16.394711
16.049942
15.860322
15.962034
15.922191
15.984769
16.165996
16.071915
16.021704
16.089075
16.064380
16.249762
16.442379
16.585383
16.752215
16.749913
16.889175
16.931658
16.976206
16.930135
16.737491
16.668569
16.639826
16.627199
16.590404
16.383245
16.335915
15.949049
15.944251
15.980625
15.861403
16.002360
15.930483
15.791232
15.809068
16.195139
15.951256
15.569456
15.565285
15.494518
15.289515
15.181954
15.169214
15.007476
15.111940
15.116436
15.261011
15.136746
15.136459
15.027291
15.142363
15.133668
15.084288
15.142263
15.176091
15.192503
15.314951
15.178260
14.976795
15.066870
14.824340
14.825888
15.013183
15.079431
15.120877
15.087696
14.854957
14.716662
14.671218
14.832636
14.832636
14.957146
14.942598
14.992360
14.986186
14.967727
15.074847
14.955064
14.862330
14.981604
14.951694
15.008691
14.991832
14.974274
14.986365
15.020171
14.967935
15.012785
15.039893
15.049792
14.850721
14.976713
14.918939
14.975495
14.808765
14.643044
14.963844
14.899982
14.899982
14.836123
14.915035
14.867858
14.957369
14.782040
14.881697
14.962865
14.863241
15.052431
14.885610
14.840839
14.782926
14.973393
15.067734
14.959269
14.984624
14.885977
14.984824
15.446433
15.474059
15.449360
15.391666
15.250603
15.214786
15.221352
15.270127
15.457645
15.600688
15.647282
15.969605
15.874455
15.851376
15.905845
15.828022
15.798312
15.709474
15.467729
15.398814
15.452709
15.437385
15.540439
15.597426
15.320546
15.462617
15.599123
15.549367
15.639554
15.434811
15.423454
15.439387
15.301613
15.271626
15.258786
15.260110
15.220376
15.310065
15.248953
15.108155
15.052226
15.060029
15.154898
14.947027
14.859328
15.036532
14.950068
14.952490
15.086431
14.861981
15.072515
15.160017
15.029630
14.971106
15.247843
15.262105
15.409002
15.465802
15.415826
15.291880
15.440950
15.411596
15.294623
15.121432
14.802650
14.800071
14.965855
15.017267
14.902460
14.772736
14.831911
14.902697
14.943016
15.035123
15.102783
15.323382
15.094586
15.264933
15.556142
15.557140
15.704567
15.656476
15.616980
15.471982
15.518655
15.725372
15.773785
15.939915
15.963270
15.930489
15.686607
16.069303
15.801097
15.750769
15.871357
15.722402
15.622114
15.628462
15.727938
15.622775
15.372477
15.291661
15.296398
15.229637
15.352792
15.674341
15.730814
15.879418
16.064757
15.836037
16.129534
16.289531
16.215713
16.181262
16.184444
16.025438
16.071604
16.321109
15.879333
16.083937
16.204813
16.268710
16.053413
16.058732
16.155493
15.951926
15.906563
15.802225
15.541741
15.430102
15.475136
15.502190
15.671445
15.652814
15.422357
15.637447
15.563228
15.654789
15.660007
15.725692
15.732575
16.047353
15.904505
15.839140
15.827932
15.810573
15.565201
15.422363
15.376556
15.347449
15.326588
15.438981
15.375812
15.346141
15.872283
15.380683
15.437725
15.496569
15.320137
15.474036
15.529452
15.366424
15.659916
15.897687
15.913028
16.060287
16.117155
15.874339
15.881634
15.864494
15.985535
15.606790
15.689100
15.642429
15.380912
15.439243
15.321892
15.317789
15.248845
15.165918
15.030327
14.871356
14.700763
14.542841
14.525191
14.400051
14.399139
14.332819
14.363927
14.399415
14.393396
14.433420
14.634601
14.640944
14.557154
14.604950
14.570657
14.585350
14.581864
14.728121
14.718423
14.754311
14.806245
14.845340
14.925603
14.927042
14.710336
14.914680
14.895937
14.833457
14.975187
15.077583
15.163515
15.041166
15.210785
15.244505
15.245978
15.258481
15.425513
15.480345
15.483830
15.570395
15.568771
15.734584
15.670659
15.632361
15.694425
15.589732
15.906881
15.863035
15.873263
15.888207
15.562371
15.429072
15.465652
15.656941
15.890717
16.205919
16.282401
16.421404
16.536632
16.587571
16.529980
16.309573
16.375619
16.359893
16.193555
16.053233
16.212656
16.247016
16.097323
16.283935
16.395657
16.373702
16.204554
16.403048
16.373416
16.420513
16.577997
17.132723
17.299198
17.299004
17.205994
17.247987
17.027966
17.187579
17.240873
16.772966
16.742603
16.482977
16.637628
16.674734
16.666992
16.540834
16.433121
16.079260
16.080819
16.075527
16.139446
16.232530
16.080876
16.058224
16.309171
16.242935
16.320048
16.314099
15.876075
15.929184
16.250823
15.761382
15.719614
15.795330
15.689396
15.875120
15.750139
15.560793
15.722135
15.934805
16.043182
15.999490
15.967220
15.795225
15.790670
16.076191
16.939191
16.924947
16.614756
16.582873
16.675265
16.932168
16.859296
17.107227
17.107227
16.746181
16.544811
16.487040
16.345683
16.473815
16.563769
16.725199
16.492212
16.147814
16.063979
16.157818
16.026988
15.868869
16.089838
16.237099
16.039855
15.875748
15.970356
15.888100
16.038216
16.225751
16.252317
16.498523
16.318199
16.381765
16.321362
16.365320
16.263892
16.309765
16.305911
16.228509
16.648482
16.696822
16.625589
16.587525
16.558993
16.367325
16.442938
16.366255
16.011241
16.043126
16.004484
15.933672
15.893286
15.913618
15.737250
15.728698
15.645379
15.683676
15.731044
15.691437
15.494422
15.114737
15.121031
15.126319
14.928236
14.705722
14.583431
14.526283
14.523265
14.512593
14.683627
14.700822
14.902539
14.827144
14.807373
14.648666
14.684686
14.787260
15.014890
14.988237
14.940911
15.281920
14.961147
14.885290
14.851892
14.830402
14.964995
14.858659
14.938949
14.924727
14.943659
14.771327
15.005537
15.160649
15.130793
15.096151
15.116156
15.289070
15.165688
15.230650
14.948110
14.894808
14.811536
14.812904
14.787762
14.868899
14.949144
14.957413
14.929971
14.867972
14.956682
15.005364
15.011649
14.947594
14.904954
14.639783
14.627029
14.457048
14.404350
14.402588
14.280453
14.201351
14.200337
14.259128
14.249587
14.345747
14.513483
14.602177
14.631006
14.837724
14.951797
14.952041
14.597700
14.601978
14.585320
14.479322
14.646936
14.559758
14.425467
14.271731
14.240301
14.429629
14.447593
14.308493
14.122810
14.243814
14.210022
14.241763
14.221896
14.151772
14.215321
14.200361
13.880948
13.862479
13.839647
13.933506
13.919593
13.868244
13.929021
14.057984
14.120344
14.186132
14.294032
14.355044
14.191167
14.185791
14.347672
14.517114
14.472580
14.489641
14.447873
14.501043
14.537283
14.455046
14.649297
14.655603
14.572144
14.171042
14.329793
14.255595
14.305084
14.348007
14.194941
14.174557
14.304164
14.022431
14.004008
14.042971
14.352527
14.325572
14.427920
14.275199
14.432693
14.298177
14.226945
14.139143
14.345548
14.289845
14.379316
14.376533
14.503706
14.482592
14.492795
14.560449
14.429253
14.547734
14.449101
14.516077
14.805964
15.067612
15.017979
15.209985
15.338392
15.224029
15.354547
15.314140
15.283664
15.462149
15.335580
15.295388
15.293955
15.509680
15.630775
15.557747
15.499026
15.435290
15.738998
15.496829
15.301393
15.196442
15.174652
15.198984
15.196590
14.926465
14.926465
14.858777
14.668705
14.801664
14.893930
14.945191
14.942811
14.895998
14.937657
14.962146
14.986196
15.144081
15.159452
15.233312
15.278478
15.440570
15.394910
15.413336
15.429544
15.399427
15.403245
15.586233
15.575962
15.762721
15.782902
15.824437
15.620844
15.692213
15.781098
15.740620
15.932361
15.898864
15.906450
15.864118
15.769641
15.690478
15.739556
15.811396
15.711748
15.564063
15.832648
16.003691
16.092172
16.217253
16.108764
15.947608
15.708608
15.792530
15.813715
15.618093
15.512516
15.464579
15.423367
15.287859
15.170273
14.930412
14.840083
15.110914
15.047806
15.055987
15.074704
14.974259
14.827383
14.835194
14.953757
15.002532
14.975513
15.049982
14.973375
14.837604
14.810391
14.707921
14.862260
14.945114
15.083649
15.286112
14.950420
14.669121
14.664067
14.815792
14.770867
14.761869
14.835776
14.818673
14.788436
14.951035
15.103156
15.149847
14.843171
14.676776
15.057935
14.928314
14.922998
14.831061
14.893952
14.763583
14.818893
14.988963
14.817023
14.840154
14.782674
15.202695
15.302988
15.385658
15.428508
15.290238
15.238006
15.126720
15.147348
15.139401
15.168762
15.276867
15.057666
15.128216
15.077741
15.047361
15.241475
15.371635
15.545135
15.510363
15.275692
15.226856
15.471241
15.455469
15.523608
15.613569
15.617664
15.683044
15.756050
15.828013
15.818334
15.795133
15.894371
15.757666
15.670163
15.497877
15.579535
15.441731
16.350575
16.275626
16.248205
15.800176
15.700376
15.614042
15.553961
15.563102
15.490139
15.615266
15.656713
15.759743
15.923890
15.961326
15.872692
16.053233
16.045618
16.096212
15.984324
15.885258
16.119360
15.886544
15.849821
15.924344
16.044012
16.044012
15.955375
15.178634
15.298206
15.671610
15.830844
15.946421
15.821292
15.610442
15.610442
15.719822
15.764526
15.311583
15.081117
15.267578
15.242456
15.344786
15.445727
15.273162
15.092960
15.255099
15.306838
15.366385
15.233498
15.117217
15.117950
15.040307
15.322033
15.453313
15.530274
15.660190
15.553276
15.481655
15.765566
15.867060
15.864317
15.734192
15.735709
15.553387
15.512861
15.411075
15.492762
15.440070
15.433802
15.631781
15.636079
15.954876
15.956305
15.823606
15.531561
15.562172
15.369662
15.244195
14.983089
15.009451
15.019373
15.024899
15.020162
14.987859
15.161649
15.099259
15.275522
15.241907
15.126594
15.407108
15.345638
15.441806
15.554061
15.606268
15.917410
15.845719
15.978874
16.054278
16.248619
16.178699
16.243293
16.605090
16.307631
16.759658
16.762135
16.461187
16.349144
16.315571
16.355765
16.311359
16.131389
16.161904
16.254274
16.414549
16.659437
16.372087
16.495564
16.863106
17.051671
17.151717
17.284027
16.783341
16.989712
17.630966
17.729173
17.661356
17.574553
17.632941
17.553348
17.571499
17.613398
17.517929
17.426641
17.474964
18.159068
17.300396
17.220086
17.111744
17.019316
17.151810
17.162448
17.177429
17.260629
17.169707
16.579855
16.275885
16.116054
16.235497
16.224129
16.371045
16.552221
16.331957
16.336766
16.047025
15.847128
15.487354
15.503915
15.519191
15.212972
15.138458
15.394929
15.075315
15.098456
14.811137
14.815155
14.843881
14.825684
14.882022
14.735230
14.705283
14.719973
14.942201
14.901372
15.069259
15.453232
15.618768
15.859041
16.012187
15.929176
16.112910
15.709734
15.742822
15.626875
15.786517
15.661324
15.341724
15.625628
15.379143
15.560224
15.351561
14.987556
14.848403
14.861689
14.611798
14.737514
14.631685
14.647173
14.587966
14.635150
14.778086
14.852241
14.671112
14.503294
14.602749
14.613187
14.583940
14.512100
14.341980
14.289396
14.323890
14.338564
14.451689
14.268236
14.329589
14.666498
14.518172
14.352126
14.434796
14.343620
14.241096
14.192353
14.112943
14.109633
14.100880
14.141261
14.094713
14.427553
14.427553
14.273894
14.333195
14.287930
14.241798
14.192035
14.327514
14.407343
14.261994
14.204787
14.211118
14.300605
14.437333
14.483922
14.842243
15.047192
14.877829
14.785573
14.707524
14.628114
14.651364
14.588527
14.639755
14.815014
14.821373
14.642658
14.249005
14.376231
14.676442
14.581259
14.512727
14.459555
14.459555
14.387429
14.429684
14.460974
14.455991
14.443272
14.554249
14.405748
14.420238
14.925157
15.201683
15.179825
15.353864
15.479513
15.468343
15.571643
15.071050
15.044452
15.097431
15.192814
14.804675
14.924084
14.872497
14.960491
14.907907
14.867032
14.884608
14.703220
14.770653
15.083137
15.134481
15.060081
15.265815
15.246983
14.952788
14.931201
14.904821
14.794035
14.834331
14.774671
14.784044
14.775121
14.750378
14.761383
14.875908
14.914951
14.990149
15.061638
15.050479
15.197890
15.403531
15.225984
15.514808
15.499914
15.488468
15.735591
15.598507
15.349917
15.388063
15.413693
15.284481
15.379244
15.075043
15.039812
15.056635
14.845540
14.775322
14.846902
14.868250
14.822642
15.000048
15.079387
15.131309
15.147109
14.995586
14.647423
14.636330
14.590950
14.510648
14.411488
14.490948
14.687840
14.604234
14.640031
14.650480
14.703434
14.781651
14.771057
14.901193
14.910752
14.634938
14.343988
14.552215
14.670445
14.879107
14.871006
14.743708
14.736300
14.659396
14.682274
14.729050
14.761065
14.817215
14.715344
14.747689
14.770900
14.710793
14.683833
14.642339
14.777537
14.810774
14.836554
14.628462
14.352192
14.083047
14.113638
14.047800
14.143576
14.186975
14.165472
14.373560
14.343695
14.260044
14.036131
13.995664
14.202614
14.257420
14.287034
14.204743
14.120862
14.056985
13.858823
14.107325
14.152075
14.163189
14.416993
14.415279
14.510761
14.552704
14.452239
14.402185
14.520042
14.179855
14.097924
14.097924
13.946846
13.959659
13.957846
14.167696
14.180775
14.189834
14.223513
14.132241
14.217864
14.217864
14.010686
14.152137
14.147862
14.198984
14.273044
14.146804
14.305397
14.313808
14.286903
14.247251
14.133163
14.158151
14.131295
14.329926
14.293160
14.122653
13.890044
14.006711
14.014585
13.948297
13.927605
13.837397
13.964945
14.078971
14.151844
14.332381
14.345310
14.397713
14.862682
14.854130
14.842459
14.736750
14.627815
14.676591
14.579875
14.982441
14.921779
14.885596
14.947247
14.983916
14.834766
14.908639
14.789624
14.834594
14.675463
14.614109
14.734895
14.661294
14.742773
14.825454
14.696304
14.804797
14.625779
14.725551
14.636676
14.710715
14.731458
14.801127
14.703602
15.138452
15.117011
15.191372
15.095829
15.112350
15.095247
15.070052
15.081243
15.108053
15.246693
15.297834
14.852964
14.914318
15.007083
15.176800
15.109341
14.977638
15.032284
15.149002
15.073904
15.344823
15.357216
15.288810
15.231718
15.595873
15.592300
15.883436
16.079734
16.065745
16.063015
16.297442
16.388823
16.485822
16.348683
16.428269
16.423259
16.159499
15.981824
16.096569
16.226540
16.184484
16.240194
16.404800
16.332847
15.961725
15.998469
16.127900
16.152358
16.290367
16.293421
16.246334
16.112594
16.142375
16.761489
16.819454
16.871711
16.773276
17.044066
16.939151
17.013758
17.013758
16.907963
16.735703
16.539966
16.695582
16.788855
16.810573
16.710371
16.638118
16.489709
16.437719
16.580638
16.466369
16.265504
15.866470
15.676596
15.572442
15.711137
15.633464
15.718751
15.838514
15.779368
15.812043
15.826045
15.821715
15.694408
15.713205
15.689840
15.629295
15.634833
15.392846
15.543061
15.468827
15.528331
15.548760
15.539734
15.546331
15.554453
15.597836
15.366567
15.424419
15.218508
15.163066
15.576216
15.812853
15.509882
15.452359
15.398419
15.481634
15.432903
15.241331
15.386570
15.373524
15.538706
15.482641
14.881248
14.772640
14.886528
14.919331
14.996071
15.067972
15.001004
14.936469
14.948896
14.840578
14.679800
14.687372
14.617947
14.449856
14.451531
14.365616
14.597718
14.619445
14.619445
14.499564
14.167174
14.269530
14.219905
14.135727
14.132160
14.022169
14.220095
14.269991
14.123031
14.222905
14.168686
14.359825
14.390224
14.272155
14.427324
14.464844
14.661609
14.650285
14.710073
14.916478
14.875111
14.924866
14.962452
14.962452
14.798120
14.848886
15.093901
15.159426
15.141979
15.355252
15.503198
15.347333
15.201885
15.024116
14.831639
14.830072
14.880398
14.889712
15.019985
15.011240
14.863693
14.869711
14.994449
14.739346
14.622211
14.434545
14.154156
14.142671
14.321143
14.363932
14.191941
14.201691
14.242444
14.256753
14.238175
14.115512
14.187602
14.155534
14.274428
14.363501
14.461326
14.752633
15.050541
15.042658
15.233107
15.488132
15.658463
15.661164
15.727370
15.865404
16.058323
15.931480
15.854233
15.278710
15.283178
15.141651
15.082873
15.266018
15.179728
15.277754
15.414358
15.424812
15.210910
15.135963
15.125410
15.029811
15.029811
14.848121
15.096708
15.009804
14.842126
14.871995
14.676228
14.762227
14.735074
14.704187
14.688926
14.747676
14.941065
14.781563
14.713222
14.672936
14.621665
14.523484
14.630170
14.562187
14.515859
14.755637
15.043632
15.028596
14.933219
14.958558
14.723140
14.618581
14.729735
15.052080
14.869230
14.841815
14.885385
14.599496
14.418126
14.514995
14.464717
14.462984
14.254093
14.667293
14.678867
14.656844
15.014375
14.978018
15.011758
15.124596
14.855640
14.948240
14.896557
14.997024
15.022664
14.788010
14.842948
14.918612
14.977044
14.877755
14.838097
14.851167
14.851167
15.083833
15.038170
14.964576
14.903013
14.984892
14.828528
14.774180
14.671431
14.418137
14.540975
14.682695
14.587114
14.687575
14.597172
14.633911
14.527145
14.615717
14.628892
14.464489
14.487594
14.394120
14.270720
14.306207
14.130905
14.154533
14.234409
14.274586
14.198381
14.214389
14.428927
14.402652
14.485605
14.542214
14.539221
14.479226
14.589067
14.802181
14.979923
14.969733
14.969733
14.861272
14.727749
14.767022
14.827068
14.779451
14.596079
14.487442
14.631282
14.635855
14.500404
14.635886
14.604593
14.653403
14.769705
14.936654
14.849333
14.687370
14.661993
14.684338
14.877898
14.794895
14.922122
14.810166
14.610408
14.602944
14.601164
14.720641
14.703536
14.659333
14.598263
14.734072
14.676545
14.672854
14.580006
14.727947
14.896742
14.831870
14.783070
15.027371
15.090634
14.948002
14.774323
14.667131
14.670972
14.713420
14.713420
14.798584
14.599723
14.726801
14.666750
14.700883
14.575942
14.457966
14.462251
14.561292
14.639172
14.741837
14.685223
14.585328
14.469894
14.352073
14.174157
14.050446
14.159784
14.126834
14.188824
14.323744
14.139547
13.968008
13.993867
14.008658
13.971560
13.952089
13.851899
13.804842
14.056364
14.231360
14.310323
14.431680
14.334889
14.505140
14.494443
14.923605
14.855228
14.563106
14.657415
14.669226
14.637692
14.885646
14.827165
14.819235
15.247276
15.094875
15.066479
14.991716
15.048466
15.126349
15.215089
15.243756
15.378042
15.496328
15.473465
15.332333
15.480968
15.480968
15.415277
15.918245
15.904334
15.930669
15.975114
15.990865
16.235187
16.061910
15.966203
15.945380
15.561625
15.436355
15.550106
15.315616
15.488789
15.187096
15.260194
15.221052
15.120553
15.164409
15.258764
15.124913
14.917185
15.242141
15.384717
15.362262
15.358725
15.924708
15.996166
16.043250
16.061023
16.126056
16.199567
16.254611
16.539069
16.276386
16.380541
16.574217
16.748822
16.836598
16.619340
16.494537
16.711352
17.041234
17.093669
17.403315
17.317602
17.244218
17.328140
17.384213
17.325229
17.188315
17.374099
17.417348
17.593425
17.063056
17.063056
17.314693
16.831497
16.790054
16.790054
16.651774
16.588300
16.591938
16.296557
16.409065
15.981909
15.942708
15.942708
15.784046
15.918808
15.941327
15.925183
15.727206
15.822285
15.723395
15.763509
15.837426
15.969179
16.080005
16.039376
16.047697
15.997571
15.941220
16.063427
15.896550
16.002773
15.791679
15.825066
15.856659
15.940838
16.145385
16.343985
16.374437
16.585125
16.550388
16.236175
16.060934
16.000504
15.944499
15.908781
15.803591
15.725588
15.921886
15.973893
15.803593
15.752089
15.258051
15.210587
15.309335
15.370347
15.295850
15.202514
15.010882
14.888372
14.802545
14.828252
14.774479
14.740047
14.645724
14.448233
14.779893
14.757407
14.791061
14.931431
15.159825
15.248212
15.378413
15.099145
14.975414
14.997459
14.966468
14.927335
14.763742
14.731942
14.716265
14.578654
14.511760
14.316189
14.414642
14.430447
14.488245
14.402783
14.459815
14.622171
14.624189
14.871457
14.901344
15.225235
15.491943
15.516108
15.431321
15.257384
15.279174
15.083090
14.965622
15.465104
15.467135
15.361689
15.475000
15.306409
15.219473
15.254396
15.175366
15.244157
15.351030
15.459541
15.471180
15.471934
15.411557
15.496467
15.385446
15.428442
15.569634
15.870623
16.012047
16.132013
16.140333
16.397394
16.652638
16.545378
16.527856
16.219828
16.486109
16.415270
16.372079
16.484218
16.526492
16.754883
16.802703
16.625115
16.478918
16.472173
15.976674
15.922044
15.922044
15.709899
16.181969
16.089776
15.986091
16.158462
16.208667
16.319044
16.312503
16.333406
16.443067
16.150706
16.145609
16.225007
16.187099
15.950212
16.461783
16.356905
16.380855
16.368418
16.882785
16.812953
16.535602
16.576654
16.596025
16.639159
16.520284
16.731195
16.528393
16.708825
16.546272
16.221419
16.058340
16.124822
16.143297
16.059178
15.985884
15.536439
15.412493
15.713266
15.670193
15.352395
15.356779
15.380637
15.421567
15.523060
15.496953
15.343589
15.224945
15.030516
15.029469
15.086490
14.992598
14.941430
14.921049
14.732472
14.724507
14.705500
14.737063
14.814544
14.859833
14.766396
14.669756
14.816727
14.979067
15.118576
15.185429
15.029341
15.035237
14.964954
15.107742
15.124083
14.916177
15.022773
15.109099
15.273442
15.099156
15.138747
15.374494
15.371378
15.408853
15.549769
15.652206
15.704838
15.458637
15.635109
15.609084
15.305758
15.067515
15.326704
15.529081
15.430427
15.578322
15.445139
15.507343
15.840457
15.817651
15.958309
15.915874
16.268500
16.226210
16.431858
16.180285
15.998251
15.853713
15.853000
15.633503
16.037173
16.134438
16.511662
16.682616
16.779218
16.802249
16.602360
16.555766
16.417748
16.348512
16.424218
16.515785
16.333009
16.296856
16.206046
16.261509
16.372753
16.172330
16.687825
16.811383
16.810667
16.979177
16.688581
16.366423
16.487164
16.402597
16.105569
16.068011
15.899471
15.480428
15.468214
15.626029
15.566720
15.838916
15.791215
15.915101
15.976641
15.894925
16.012331
16.209698
16.123573
16.207844
15.970699
16.368558
16.220877
15.986380
16.086595
15.914416
16.370970
16.348558
16.207351
16.526500
16.645351
16.625502
16.766596
16.625590
16.846799
16.789192
16.814542
16.537170
16.360452
16.587263
16.464487
16.502069
16.644219
16.619186
16.623853
16.878875
16.516841
16.474982
16.436658
16.262818
16.375371
16.387008
16.369816
15.589356
15.675130
15.904908
15.818889
15.724783
15.466810
15.584059
15.410516
15.528406
15.649449
15.692324
15.787824
15.911353
15.772301
15.718638
15.693120
15.549751
15.343752
15.467898
15.991949
16.330912
16.309823
16.279873
16.241072
15.888418
15.990919
15.950896
16.084485
16.397829
16.177966
16.050322
15.962206
15.937072
15.891846
15.819497
16.009723
15.967682
16.026284
15.906218
16.077028
16.124556
15.936595
15.981047
16.009985
15.935356
15.519432
15.657804
15.873337
15.756985
15.623365
15.545570
15.476873
15.399792
15.255668
15.226934
15.180387
15.149709
15.257876
15.156356
15.427048
15.341507
15.396853
15.356114
15.203143
15.171968
14.996642
14.819096
14.816958
14.670369
14.611655
14.529947
14.506791
14.638067
14.519750
14.440736
14.521859
14.219630
14.199993
14.385264
14.620052
14.577667
14.611803
14.605988
14.513486
14.432135
14.435348
14.238448
14.114078
14.028220
13.775317
13.909205
13.848941
13.906652
13.850683
13.839331
13.894577
13.861830
14.029764
14.027929
13.983320
14.189070
14.006142
13.906406
14.082385
14.137967
14.183740
14.188278
14.146112
14.451686
14.274372
14.260854
14.328877
14.340067
14.246381
14.086290
14.155179
14.336120
14.334029
14.286885
14.299673
14.287468
14.380557
14.296957
14.398221
14.329223
14.382025
14.369381
14.372701
14.668610
14.657224
14.824462
14.698284
14.870125
14.955031
14.747171
14.704666
14.252701
14.444985
14.348121
14.396490
14.342942
14.203774
14.471118
14.185725
14.178836
14.192605
14.303535
14.301016
14.243264
14.163266
14.183365
14.458168
14.567583
14.530426
14.581956
14.654457
14.543265
14.561052
14.552839
14.531580
14.587320
14.683339
14.562315
14.634805
14.227118
14.239922
14.237812
14.395056
14.588475
14.505532
14.529058
14.760103
14.755163
14.885364
14.905793
15.073555
15.342456
15.199316
14.966040
15.072470
14.870123
14.861493
14.861071
14.853290
14.850454
14.711988
14.806576
15.005990
15.002168
14.887608
14.996376
14.911066
14.850822
14.881698
14.972406
14.459811
14.632491
14.937490
14.862119
14.767287
14.697443
14.778380
14.739805
14.714977
14.556940
14.393965
14.407238
14.516016
14.474131
14.363977
14.467878
14.319143
14.420992
14.826947
14.620908
14.737440
14.867852
14.970147
15.440066
15.431440
15.361348
15.345430
15.334588
15.278455
15.340894
15.350144
15.457681
15.447094
15.435207
15.677218
15.612688
15.690743
15.752913
15.736872
15.607704
15.754375
16.006621
15.891576
15.821345
15.994331
15.896262
16.015995
15.965648
15.958740
15.997184
15.772915
15.670988
15.687678
15.913735
15.878259
15.878910
15.841300
15.803368
15.817123
15.724671
15.760243
15.635634
15.228022
15.154995
15.335706
14.981066
14.815814
14.695267
14.463465
14.536276
14.607186
14.654197
14.586617
14.607893
14.850481
14.996869
15.323378
14.979318
15.342972
14.846385
14.947916
14.987367
14.716708
14.611275
14.560431
14.434397
14.672831
14.601451
14.892551
14.948407
14.887430
14.961755
14.964606
14.972325
15.054249
15.086454
15.485423
15.843492
15.720012
15.430069
15.285782
15.384929
15.331708
15.284259
15.266427
15.321918
14.987512
14.846723
14.849417
14.915206
14.866625
14.835306
14.792043
14.870385
15.017466
15.033674
14.989076
14.944471
14.976948
14.858710
15.234151
15.189265
15.094514
15.088303
14.779049
14.828006
15.207177
15.200212
15.255907
15.579620
15.592468
15.148494
15.231431
15.322547
15.303629
15.191374
15.145046
15.132554
15.219085
15.218385
15.221778
15.127537
15.119537
15.334534
15.263745
15.109625
15.300116
15.308879
15.411271
15.335190
15.400824
15.464394
15.153002
14.999408
15.025973
15.220240
15.213867
15.226155
15.309284
15.316583
15.331384
15.390269
15.384554
15.356785
15.494066
15.578280
15.269843
15.286612
15.384205
15.339176
15.033356
14.971558
14.912373
14.746476
14.792729
15.072840
15.014901
14.970289
15.248433
15.028910
15.121730
15.171445
15.285739
15.471579
15.287429
15.295261
15.700656
15.521445
15.721062
16.031279
16.028685
16.012106
15.972069
16.064101
16.141149
15.795486
15.777788
15.855470
15.980046
16.082018
15.854978
15.590478
15.894080
15.995758
15.928578
15.921945
15.935863
15.709906
15.663351
15.532604
15.639216
16.220803
16.105483
16.249602
16.307189
16.294824
16.439686
16.584303
16.651440
16.946973
16.647490
16.615494
16.715499
16.684567
16.816285
16.869779
17.093362
17.203387
17.417499
17.103182
17.309715
16.771465
16.831355
16.835338
16.953600
16.989347
16.962415
17.018249
16.710969
16.674606
16.459689
16.482265
16.463373
16.259880
15.881326
15.803255
15.882588
15.862069
15.898239
15.851046
15.879806
15.963223
15.899513
15.958893
16.007719
16.131336
16.166041
16.081983
16.014569
16.258925
16.341749
16.291942
16.230780
16.389094
16.330621
16.474517
16.800228
16.323366
16.386524
16.157946
16.350920
16.464952
16.271893
16.181262
16.029365
15.974721
16.118987
15.926842
15.932074
15.743619
15.663919
15.558226
15.646627
15.588318
15.343275
15.274301
15.227772
15.306706
15.039117
15.065256
15.027958
15.041333
14.948242
14.790011
14.786317
14.709111
14.362809
14.506819
14.451174
14.497316
14.511205
14.547140
14.553299
14.725266
14.772246
14.794650
14.912260
14.859199
14.986627
15.297946
15.180385
15.324129
15.354734
15.446676
15.235195
15.323519
15.442919
15.557952
15.494526
15.549046
15.584285
15.625729
15.779160
15.772267
15.868941
15.856148
15.827209
15.660546
15.726946
15.532648
15.425623
15.356375
15.408058
15.579507
15.477093
15.198009
15.111241
15.112261
15.048970
15.004530
15.228684
15.160838
15.199487
15.214737
15.365523
15.448376
15.395951
15.357801
15.132009
15.052083
15.052083
14.715357
14.812622
14.933063
14.917642
14.911940
14.801176
14.907370
15.113004
14.862594
14.601047
14.646068
14.607726
14.876080
14.880393
14.560031
14.616997
14.533128
14.527595
14.290578
14.281534
14.251663
14.278919
14.189213
14.179017
14.233454
14.257350
14.223298
14.149360
14.325481
14.305953
14.184636
14.495757
14.523167
14.585084
14.423314
14.658360
14.631497
14.466736
14.566781
14.573270
14.488247
14.312592
14.313173
14.067150
14.086528
13.830125
13.854556
13.834776
13.781408
13.701062
13.387985
13.490089
13.443567
13.515680
13.571062
13.437173
13.352789
13.430859
13.448786
13.488459
13.472405
13.511508
13.511508
13.482643
13.443849
13.402359
13.561946
13.545770
13.427637
13.448706
13.416232
13.382085
13.382085
13.450396
13.639343
13.586460
13.550314
13.502608
13.524748
13.613834
13.813888
13.807225
13.814214
13.578795
13.719024
13.698531
13.714400
13.745101
13.694319
13.774579
13.603700
13.578500
13.567462
13.597761
13.821719
13.833360
13.738984
13.771539
13.776646
13.803842
13.795075
13.809741
13.834228
13.838109
13.835336
13.923001
14.004603
14.247157
14.345891
14.102440
14.127619
14.209518
14.392316
14.519100
14.539654
14.348082
13.937036
13.972249
14.545159
14.689016
14.472192
14.469222
14.377662
14.405752
14.501172
14.480163
14.541355
14.440911
14.566727
14.629889
14.554760
14.813291
14.727669
14.689260
14.635239
14.691878
14.502824
14.495672
14.373364
14.472298
14.453766
14.238761
14.381171
14.348671
14.247375
14.185417
14.116478
14.197189
14.127170
14.047085
14.101202
14.195874
14.173099
14.162214
14.067872
14.156014
14.122145
14.104471
14.077617
14.044554
14.028362
13.936021
14.158111
14.160719
13.749168
13.692044
13.728165
13.671021
13.676963
13.764608
13.687224
13.736764
13.758355
13.681948
13.557483
13.484872
13.521517
13.544845
13.611154
13.531336
13.571595
13.451107
13.555898
13.504244
13.590234
13.644506
13.700849
13.951340
13.846671
13.793927
13.800419
13.917479
13.987868
14.034753
14.254429
14.378938
14.340715
14.329825
14.350990
14.328667
14.381742
14.391114
14.389821
14.529870
14.525838
14.455109
14.520351
14.221802
14.158357
14.183653
14.072165
14.114177
14.064877
14.068738
14.362975
14.415155
14.323158
14.471564
14.488039
14.466034
14.746754
14.968890
14.945825
14.931127
14.949441
14.935000
14.834054
14.925521
15.011368
15.102632
15.084279
15.306778
15.589948
15.642359
15.759332
15.688257
15.818771
16.131638
16.428311
16.696109
16.713450
16.779066
16.638326
16.393044
16.361874
15.959224
15.731429
15.761856
15.766088
15.574929
15.511453
15.511480
15.747958
15.794782
15.752742
15.891463
15.565705
15.339693
15.156790
15.440012
15.604220
15.716619
15.865730
15.872148
15.877866
15.944943
16.232304
16.186917
16.043420
15.915992
16.102333
16.286801
16.237502
16.256170
16.167438
16.104625
15.996052
16.170303
16.052580
16.101433
15.887067
16.037621
16.292394
16.155561
15.980984
15.953994
16.017586
15.975706
15.835277
15.754765
15.716679
15.572645
15.461121
15.628531
16.053777
15.896950
15.699281
15.695406
15.488765
15.608509
15.379966
15.341648
15.352763
15.481392
15.507667
15.466070
15.436825
15.566444
15.577699
15.621661
15.569660
15.617273
15.393599
15.340696
15.336641
15.300123
15.300123
15.251135
15.025246
15.093315
15.204059
15.142646
15.023736
14.931025
14.948715
14.952242
14.959136
15.052868
15.007992
14.936198
14.858630
14.945553
14.917925
14.831934
14.738123
14.887092
15.138283
15.012478
15.012640
14.976861
15.171376
15.229175
15.233746
15.089603
15.108525
15.272282
15.051916
15.309371
15.268450
15.562748
15.589628
15.445388
15.360107
15.315943
15.215737
15.251872
15.099643
15.143139
15.120580
15.000338
15.069735
15.071478
15.087549
15.145516
15.168664
15.181188
15.198147
15.200686
15.088543
15.064356
15.052612
15.183890
15.533701
15.824034
15.846432
16.210028
15.806355
15.791887
15.758673
15.600235
15.386396
15.430905
15.535911
15.356317
15.483554
15.565844
15.555789
15.692544
15.764965
15.602193
15.678125
15.729221
15.879864
15.896165
15.800929
15.873371
15.824844
15.593429
15.439351
15.686741
15.550221
15.471790
15.190350
15.425298
15.393333
15.340477
15.286151
15.029786
14.987411
14.990875
14.860751
14.825293
15.005395
15.245164
15.429534
15.253143
15.301988
15.392145
15.215287
15.214470
15.256780
14.944563
15.019688
14.916859
14.969766
15.062728
15.078106
15.264865
15.332987
15.454575
15.340002
15.274194
15.293459
15.348770
15.462470
15.447418
15.629288
15.552090
15.470655
15.447589
15.749227
15.752897
15.996506
16.076805
16.120469
16.340009
15.911808
15.909479
15.923149
15.917445
15.969410
15.980866
15.872169
16.016496
15.668160
