15.917101
15.916846
15.946479
15.952444
15.956591
15.951485
15.944051
15.937933
15.917879
15.912353
15.924732
15.923218
15.910575
15.945560
15.933928
15.941969
15.949639
15.983611
15.959573
15.946656
15.940317
15.910014
15.914621
15.949639
15.918579
15.879976
15.885195
15.900500
15.903229
15.897599
15.896767
15.877503
15.887983
15.876849
15.889139
15.893039
15.890069
15.889899
15.875858
15.875281
15.862485
15.865807
15.869018
15.879628
15.894209
15.902119
15.902487
15.905808
15.927761
15.936314
15.943264
15.927774
15.937826
15.917294
15.905866
15.905293
15.894936
15.884750
15.861648
15.873360
15.914266
15.894234
15.895587
15.902873
15.910868
15.921818
15.916907
15.918277
15.918577
15.935337
15.939019
15.970433
15.975343
15.971366
15.981714
15.997645
15.990751
15.974287
15.976714
15.964524
15.970272
15.985771
15.972244
15.989420
16.033413
16.026787
16.036526
16.036777
16.037706
16.037087
16.039344
16.028774
16.049597
16.036652
16.034433
16.023255
16.029718
16.025456
16.029202
16.027789
16.014086
16.018602
16.004754
15.998266
16.006181
16.005620
15.993441
16.021504
16.028028
16.027834
16.040337
16.043005
16.018805
16.030475
16.053691
16.032186
16.019306
16.029464
16.022013
15.993927
16.016139
16.012201
16.003905
16.004757
16.009617
16.013357
15.988979
15.987113
15.981375
15.983800
15.991032
15.994395
15.976678
15.985489
15.953807
15.921842
15.929415
15.920414
15.911762
15.902923
15.890750
15.946586
15.955262
16.004053
15.981566
15.988156
15.979065
15.988444
15.951671
15.954020
15.970120
15.976970
15.971735
15.947295
15.989559
15.978202
15.990328
15.971546
15.988875
15.995246
16.004647
15.993543
15.995957
15.989065
15.989133
15.978618
15.979544
15.992731
16.021374
16.020997
16.024956
16.006694
15.945818
15.955051
15.954694
15.943013
15.952213
15.957022
15.973657
15.967605
15.964243
15.956243
15.941194
15.924465
15.920515
15.915150
15.902279
15.921936
15.922393
15.924439
15.931240
15.910006
15.905011
15.909080
15.903115
15.909244
15.924437
15.936541
15.953070
15.942559
15.924765
15.964807
15.961788
15.935423
15.950013
15.947769
16.019973
16.002826
16.009401
15.998254
16.014516
16.014160
16.018860
16.012086
16.010395
16.005579
16.003713
15.991995
16.000975
16.012018
15.987097
16.010476
16.039842
16.042062
16.049324
16.048280
16.056402
16.043408
16.067292
16.074470
16.070874
16.107343
16.082605
16.122906
16.129926
16.111020
16.104865
16.093479
16.107798
16.104945
16.111260
16.099685
16.092132
16.120551
16.109242
16.111393
16.123996
16.124312
16.144157
16.137059
16.150360
16.154886
16.182107
16.216631
16.234586
16.190702
16.200918
16.189673
16.154671
16.149289
16.154383
16.139524
16.133430
16.152572
16.149512
16.126592
16.132153
16.137187
16.136559
16.152178
16.153309
16.170247
16.176908
16.184895
16.171699
16.180995
16.161145
16.153305
16.149950
16.135236
16.136448
16.136308
16.131183
16.126507
16.124491
16.153588
16.148463
16.192018
16.202650
16.201465
16.199465
16.186019
16.161625
16.139060
16.137927
16.118045
16.117395
16.091482
16.086247
16.097706
16.097311
16.074463
16.093710
16.095260
16.099045
16.093628
16.028993
16.029245
16.055259
16.035676
16.031005
16.053337
16.037031
16.027014
16.030778
16.054710
16.065373
16.078669
16.077607
16.100265
16.078027
16.083616
16.071004
16.068122
16.035271
16.045050
16.022295
15.965727
15.968426
15.953313
15.945084
15.924373
15.895494
15.899670
15.912969
15.915019
15.920580
15.922914
15.917859
15.893107
15.903841
15.875521
15.899851
15.912609
15.918208
15.921475
15.933246
15.935210
15.945527
15.974668
15.951919
15.935897
15.928201
15.914924
15.926111
15.955324
15.953623
15.950884
15.978797
15.948934
15.944742
15.936930
15.940763
15.913670
15.925820
15.926804
15.937161
15.938556
15.940897
15.961280
15.973170
15.968815
16.003153
16.022504
15.972269
15.986535
16.001138
15.998415
15.993774
15.995910
16.012968
15.998405
16.002665
16.018561
16.017533
16.012381
15.997977
16.018804
16.025397
16.083915
16.115586
16.132132
16.126175
16.135380
16.127385
16.127861
16.142365
16.124241
16.168643
16.141334
16.135642
16.156537
16.146140
16.104367
16.125296
16.147845
16.144840
16.153847
16.172181
16.169284
16.185524
16.175107
16.210899
16.205560
16.215379
16.213615
16.201386
16.170795
16.169696
16.151056
16.178531
16.183213
16.176509
16.161546
16.183178
16.189141
16.170496
16.172134
16.180997
16.187665
16.185276
16.185354
16.149944
16.133467
16.139826
16.134617
16.169466
16.200332
16.122080
16.115906
16.122410
16.118740
16.127991
16.148241
16.165155
16.158507
16.150154
16.120618
16.116208
16.104464
16.082822
16.074815
16.067588
16.046285
16.038635
16.053695
16.030329
15.999946
16.005295
16.010289
16.009421
16.015543
16.024668
16.032199
16.000425
16.008011
15.991464
15.987350
15.997819
15.987261
15.974851
15.984372
15.980385
16.002078
15.996491
15.991242
15.999966
16.043350
16.032917
16.026781
16.023323
16.049552
16.030160
16.005276
15.998338
16.010695
16.035122
16.046881
16.039618
16.058911
16.080369
16.082042
16.062192
16.114035
16.110708
16.112985
16.096000
16.105001
16.127576
16.114945
16.125632
16.109393
16.115889
16.106723
16.140138
16.146797
16.150298
16.143628
16.148330
16.138858
16.171289
16.163586
16.135265
16.122183
16.138374
16.141211
16.143469
16.140615
16.143420
16.127155
16.134692
16.131038
16.142790
16.154850
16.103471
16.091807
16.095307
16.078896
16.045694
16.035985
16.017936
16.038467
16.060814
16.057860
16.072935
16.066816
16.063984
16.076892
16.063439
16.041653
16.026957
16.034770
16.026909
16.025670
16.013348
16.022069
16.015019
16.032043
16.023221
16.001985
16.018676
16.023705
16.049061
16.064747
16.033386
16.025054
15.994143
15.981194
15.969165
15.959801
15.978096
15.982753
16.071936
16.076614
16.075977
16.087500
16.131203
16.085809
16.029682
16.038938
16.029851
16.039180
16.048300
16.024894
16.003000
15.999749
15.974855
15.960121
15.964234
15.957211
15.963348
15.955207
15.935899
15.915356
15.922324
15.910698
15.896335
15.895585
15.902143
15.933813
15.921013
15.905606
15.903111
15.872771
15.866310
15.869671
15.865393
15.858047
15.860063
15.872605
15.850114
15.850629
15.848485
15.850812
15.811287
15.813334
15.806251
15.800358
15.810214
15.797998
15.806344
15.802009
15.804568
15.806007
15.803752
15.804299
15.776038
15.752945
15.734819
15.728438
15.695467
15.689570
15.686454
15.684767
15.650700
15.645671
15.636911
15.670848
15.702162
15.704334
15.712738
15.713128
15.711987
15.671040
15.728758
15.719766
15.720084
15.791530
15.794542
15.786333
15.801914
15.779646
15.789301
15.782786
15.775593
15.777511
15.780746
15.759276
15.738847
15.731524
15.738363
15.721793
15.721250
15.795346
15.800026
15.797454
15.798105
15.801933
15.789543
15.794114
15.870465
15.894167
15.865911
15.866797
15.892025
15.909462
15.927097
15.903274
15.914680
15.853897
15.849925
15.866213
15.899681
15.903250
15.916586
15.936326
15.932369
15.930032
15.928203
15.929742
15.932339
15.926369
15.938388
15.932500
15.927613
15.923510
15.941684
15.934038
15.939173
15.958147
15.946124
15.957148
15.949503
15.938746
15.942645
15.934565
15.954140
15.962542
15.959694
15.956384
15.964390
15.969311
15.980322
15.964520
15.968243
15.989801
16.027498
16.011591
16.026229
16.016178
16.021759
16.031051
16.047737
16.035242
16.027388
16.032872
16.029481
16.035653
16.023927
15.996945
15.993822
16.030734
16.021474
16.014794
16.023007
16.049649
16.033070
16.032249
16.046618
16.039349
16.112965
16.134070
16.128474
16.140910
16.131160
16.080928
16.100974
16.106166
16.107395
16.105874
16.098745
16.097463
16.092668
16.099834
16.131634
16.112227
16.112492
16.127253
16.122151
16.114313
16.107154
16.119528
16.152135
16.146045
16.146135
16.174552
16.169093
16.138554
16.141820
16.131866
16.082643
16.062771
16.037291
16.043293
16.040495
16.037920
16.026547
15.962951
15.977387
15.980484
15.982492
15.992114
15.978867
15.959069
15.962327
15.994339
15.979026
15.977306
15.960003
15.958187
15.998457
16.000226
16.014604
16.017764
16.025497
16.028441
16.028682
16.041342
16.035118
16.047501
16.039491
16.052974
16.067021
16.025179
16.023167
15.997071
15.976790
15.973043
15.976709
15.971040
15.987249
15.986723
15.991684
15.989747
16.009544
16.010378
16.013053
16.021312
16.023420
16.049227
16.028135
16.032779
16.039176
16.040172
16.052251
16.058493
16.043962
16.043935
16.042894
16.055567
16.058774
16.051264
16.068562
16.056354
16.048085
16.071616
16.078413
16.072134
16.056116
16.055873
16.048310
16.045552
16.043443
16.079389
16.096279
16.104451
16.075160
16.081274
16.061891
16.084030
16.009536
16.002507
15.964956
15.978223
15.952205
15.971868
15.997188
15.990700
16.035168
16.001654
16.002403
16.019269
16.023520
16.035000
16.039730
16.084112
16.125233
16.120381
16.134123
16.146413
16.139796
16.133295
16.142397
16.169485
16.151814
16.149480
16.158093
16.149856
16.160860
16.178621
16.156654
16.166400
16.165363
16.171230
16.168896
16.182298
16.170406
16.179175
16.195064
16.198449
16.271337
16.269817
16.278463
16.253987
16.238878
16.222307
16.216739
16.212140
16.203305
16.196735
16.205713
16.202731
16.188805
16.183679
16.204057
16.198931
16.183312
16.184123
16.180736
16.191489
16.188978
16.176540
16.184959
16.148728
16.152714
16.176605
16.187345
16.201030
16.179283
16.183198
16.173608
16.182572
16.125797
16.136373
16.128574
16.138293
16.119334
16.132496
16.119916
16.126812
16.129697
16.139486
16.119641
16.117276
16.093350
16.087601
16.092030
16.082395
16.044475
16.026024
16.028952
16.043960
16.051951
16.045481
16.049431
16.087524
16.108167
16.008613
16.033215
16.045009
16.043783
16.049680
16.049594
16.042687
16.037221
16.022096
16.029766
16.025155
16.039133
16.038275
16.045226
16.028057
16.044378
16.030298
16.045345
16.031623
16.031920
16.025875
16.036707
16.032959
16.039118
16.023649
16.024515
16.018229
16.006819
16.002308
16.011663
16.004095
16.003079
15.999744
16.017280
16.017044
16.016897
16.027362
16.022229
16.031774
16.021010
16.014308
16.027911
16.023815
16.018658
16.002108
16.013839
16.010601
16.013778
16.014095
15.997552
15.981596
15.982668
15.982219
15.975394
15.954359
15.951362
15.947433
15.955129
15.960652
15.943631
15.953712
15.965093
15.959999
15.936953
15.945007
15.945078
15.934991
15.950077
15.969444
15.955506
15.970935
15.996799
16.008424
16.003475
16.006495
16.003789
16.026862
16.049912
16.059359
16.056411
16.059682
16.059065
16.067559
16.077188
16.069425
16.043515
16.039137
16.020553
16.017180
16.005480
16.006414
16.008388
16.004113
15.980108
15.977562
15.998770
16.042462
16.029663
16.027752
16.037679
16.027376
16.017360
16.021000
16.048321
16.033345
16.021489
16.038912
16.029661
15.988717
15.993669
15.998364
15.976177
15.978081
15.988022
15.979951
15.958108
15.965835
15.956129
15.948900
15.952648
15.913239
15.923032
15.950315
15.968972
15.994553
16.000007
16.006672
16.010534
16.005519
15.979483
15.978492
15.984732
15.961680
15.953509
15.959216
15.969498
15.974416
15.966179
15.964822
15.940763
15.930582
15.923894
15.926577
15.912986
15.913025
15.896175
15.881735
15.886759
15.870047
15.847247
15.876258
15.886908
15.918306
15.913345
15.903027
15.914576
15.923459
15.917110
15.895266
15.896233
15.894376
15.897224
15.921718
15.930032
15.920880
15.935539
15.936031
15.950332
15.939811
15.938013
15.928132
15.951180
15.968928
15.966698
15.980246
15.999994
16.008436
16.006384
15.995273
15.987955
15.979930
15.941161
15.932437
15.940010
15.932487
15.931073
15.950688
15.950095
15.944185
15.952740
15.940604
15.939287
15.940293
15.951524
15.942482
15.968854
15.968090
15.983443
15.977985
15.964339
15.952130
15.943923
15.947437
15.942934
15.927744
15.920571
15.902052
15.889608
15.875045
15.890024
15.906142
15.906853
15.904422
15.906109
15.906766
15.908452
15.906876
15.903591
15.899173
15.908957
15.905432
15.889247
15.887415
15.886497
15.873265
15.874111
15.914093
15.876776
15.932775
15.949132
15.938598
15.880327
15.887012
15.866033
15.858461
15.860929
15.834521
15.809834
15.809178
15.813977
15.792553
15.791378
15.794643
15.771393
15.772396
15.764760
15.756682
15.767312
15.741988
15.741012
15.754514
15.768415
15.753113
15.774578
15.773397
15.770889
15.759483
15.759716
15.764990
15.765415
15.776129
15.787184
15.781550
15.783880
15.778743
15.760803
15.747322
15.775810
15.786938
15.790925
15.761953
15.733939
15.714630
15.725039
15.717827
15.719465
15.717551
15.722190
15.715620
15.702278
15.715631
15.704548
15.708744
15.712867
15.707706
15.721974
15.741706
15.735616
15.717895
15.697369
15.727631
15.722357
15.723305
15.725034
15.718231
15.674793
15.670572
15.666797
15.668186
15.665177
15.658929
15.634868
15.639923
15.646861
15.629780
15.636342
15.667137
15.660807
15.671925
15.689148
15.684788
15.686677
15.701270
15.710343
15.715537
15.723096
15.712231
15.698402
15.686479
15.682128
15.653344
15.656943
15.646534
15.640568
15.682228
15.673822
15.686989
15.677345
15.667253
15.695369
15.689810
15.654008
15.689996
15.662559
15.666925
15.684829
15.683714
15.681302
15.709913
15.714779
15.713002
15.702959
15.702149
15.701607
15.719749
15.710384
15.696384
15.700286
15.725372
15.714103
15.714444
15.716019
15.716006
15.728002
15.732048
15.732530
15.722748
15.715803
15.696811
15.690738
15.689614
15.703790
15.691882
15.679408
15.649851
15.656134
15.672749
15.671853
15.669646
15.659032
15.654976
15.667203
15.673148
15.662234
15.665430
15.662841
15.680222
15.687917
15.628965
15.610240
15.604850
15.589526
15.588791
15.586172
15.585801
15.583047
15.601971
15.588206
15.587254
15.527340
15.511421
15.507204
15.487319
15.488530
15.496375
15.492871
15.494539
15.492135
15.495330
15.490734
15.481010
15.482246
15.454442
15.464967
15.454491
15.451099
15.448911
15.449338
15.448415
15.449521
15.432531
15.435192
15.461800
15.469722
15.467130
15.461400
15.451187
15.453257
15.469842
15.419268
15.431684
15.406807
15.416347
15.421297
15.407500
15.464697
15.459673
15.450361
15.451067
15.474836
15.477414
15.461344
15.462436
15.467529
15.465972
15.445817
15.430548
15.419016
15.426600
15.424488
15.415573
15.378257
15.371987
15.355208
15.348084
15.348086
15.349096
15.361421
15.362946
15.367891
15.370525
15.366767
15.365092
15.368878
15.330764
15.326297
15.352807
15.350305
15.299022
15.287234
15.289671
15.283058
15.292393
15.268370
15.258055
15.258336
15.281111
15.274822
15.275843
15.260468
15.291541
15.272840
15.276689
15.278535
15.278951
15.288857
15.282267
15.281827
15.287265
15.275714
15.280103
15.309967
15.311824
15.314043
15.332705
15.356701
15.347303
15.343025
15.362964
15.345672
15.346388
15.390896
15.403580
15.435854
15.433334
15.419849
15.427815
15.422624
15.419834
15.410594
15.407158
15.407903
15.423471
15.419865
15.422715
15.423455
15.425056
15.417454
15.422412
15.430484
15.427902
15.435404
15.427336
15.387696
15.372428
15.377079
15.351767
15.348937
15.350105
15.364269
15.402726
15.414195
15.416652
15.409552
15.406569
15.408836
15.405565
15.450933
15.461894
15.452281
15.458195
15.467362
15.471782
15.476120
15.473974
15.460281
15.449702
15.441134
15.441934
15.432897
15.446640
15.425486
15.408331
15.412326
15.415098
15.451997
15.460712
15.469043
15.458501
15.451705
15.456077
15.453085
15.461734
15.461787
15.481955
15.493990
15.487616
15.493115
15.483412
15.500750
15.564981
15.568042
15.608538
15.626056
15.625110
15.609097
15.603126
15.589817
15.580928
15.555274
15.541917
15.534763
15.524514
15.520693
15.481712
15.467770
15.464569
15.461078
15.462844
15.464864
15.462205
15.475525
15.473102
15.454564
15.446150
15.454431
15.432468
15.444014
15.459570
15.450706
15.414301
15.413353
15.410061
15.413322
15.397959
15.398740
15.404315
15.417185
15.404763
15.382572
15.412689
15.390506
15.362470
15.362660
15.371788
15.368833
15.384424
15.394440
15.382399
15.375944
15.350956
15.355090
15.372468
15.378873
15.379426
15.328513
15.312867
15.305763
15.312756
15.308419
15.263846
15.244420
15.249837
15.241593
15.224940
15.225816
15.246697
15.248185
15.248572
15.232054
15.254989
15.257732
15.263830
15.275879
15.286525
15.285627
15.292250
15.287344
15.284316
15.301718
15.299925
15.310773
15.260965
15.280116
15.287032
15.287138
15.265356
15.266482
15.246649
15.202091
15.247168
15.255046
15.265628
15.262472
15.275254
15.278991
15.261289
15.260031
15.280867
15.289540
15.298487
15.296871
15.300273
15.279851
15.290070
15.282666
15.296848
15.297494
15.293332
15.308431
15.296016
15.333114
15.326652
15.363637
15.369048
15.344240
15.344748
15.341780
15.361598
15.359158
15.375324
15.398234
15.404123
15.401091
15.399115
15.388232
15.389187
15.366805
15.378648
15.404195
15.374906
15.375311
15.375181
15.365481
15.364306
15.363703
15.359208
15.356060
15.350694
15.346246
15.353092
15.338541
15.311488
15.316835
15.312298
15.280131
15.276688
15.279923
15.264431
15.354153
15.357511
15.351585
15.374430
15.380324
15.386037
15.407774
15.425929
15.430912
15.446267
15.447019
15.435050
15.428770
15.428866
15.427535
15.474026
15.474211
15.474205
15.489134
15.509471
15.512185
15.516313
15.513859
15.539513
15.526669
15.532081
15.530982
15.521584
15.525015
15.524947
15.536021
15.546762
15.532970
15.564764
15.567661
15.555128
15.538526
15.523337
15.525163
15.518637
15.506964
15.532028
15.536112
15.546048
15.535854
15.512465
15.483069
15.471335
15.474783
15.470544
15.459484
15.455359
15.474162
15.476902
15.469219
15.481503
15.478604
15.456525
15.450027
15.460649
15.459554
15.449801
15.432223
15.439936
15.442469
15.462112
15.474480
15.462990
15.453587
15.463952
15.463849
15.469564
15.493111
15.491248
15.489157
15.472284
15.462592
15.449644
15.459959
15.452400
15.459635
15.453381
15.468392
15.470852
15.485255
15.492317
15.488474
15.485236
15.466979
15.473978
15.469931
15.473816
15.544686
15.570131
15.592935
15.602375
15.598762
15.608691
15.612541
15.620149
15.649003
15.658029
15.658383
15.665821
15.675272
15.673944
15.632438
15.623894
15.625296
15.625503
15.624848
15.604238
15.607122
15.606099
15.606617
15.605496
15.612606
15.608291
15.618595
15.611576
15.587318
15.578009
15.569148
15.562032
15.612147
15.605564
15.620317
15.598664
15.597070
15.581446
15.578777
15.577749
15.529067
15.518886
15.537148
15.540932
15.570078
15.568927
15.564401
15.498569
15.504431
15.518938
15.535100
15.541212
15.553965
15.571393
15.579118
15.563091
15.570217
15.567953
15.577490
15.594050
15.598072
15.594083
15.591646
15.595495
15.590264
15.585464
15.580869
15.523317
15.524897
15.527468
15.541287
15.529911
15.531098
15.512435
15.518980
15.511640
15.499322
15.485072
15.476056
15.480080
15.486058
15.490016
15.473047
15.465546
15.450630
15.439976
15.440508
15.441471
15.462285
15.451977
15.454141
15.443154
15.452497
15.408251
15.412471
15.423538
15.439435
15.447903
15.451998
15.457251
15.463719
15.452380
15.460013
15.466060
15.482296
15.487938
15.506316
15.514737
15.503175
15.531080
15.522536
15.520544
15.516443
15.515904
15.517733
15.510179
15.526905
15.514248
15.508306
15.500360
15.480903
15.463648
15.453818
15.454924
15.465515
15.463991
15.457539
15.469285
15.467390
15.453138
15.453359
15.435051
15.461597
15.475285
15.471442
15.470221
15.443834
15.439546
15.419600
15.432003
15.431025
15.431914
15.425512
15.427614
15.429524
15.420164
15.419670
15.420409
15.422464
15.415851
15.418286
15.383236
15.350281
15.333981
15.332447
15.339261
15.347137
15.324926
15.385850
15.379750
15.363249
15.373620
15.376915
15.392799
15.397686
15.390123
15.386604
15.383708
15.347798
15.344824
15.350961
15.368116
15.367583
15.371406
15.397288
15.399925
15.386153
15.381648
15.379693
15.381759
15.382542
15.376839
15.369855
15.381812
15.434407
15.431501
15.430751
15.432211
15.430963
15.417217
15.404649
15.412619
15.416117
15.418869
15.416750
15.390920
15.379456
15.385267
15.385537
15.404067
15.396036
15.385896
15.384619
15.387095
15.399719
15.403122
15.429913
15.465128
15.462923
15.466682
15.466038
15.460512
15.459495
15.490377
15.492692
15.506235
15.499804
15.493369
15.489489
15.533803
15.553026
15.569981
15.555190
15.561927
15.583783
15.572849
15.573166
15.552321
15.530583
15.521279
15.522157
15.540843
15.500806
15.448091
15.448991
15.451313
15.444258
15.454478
15.457306
15.448996
15.445740
15.435499
15.445800
15.464628
15.424250
15.424709
15.434039
15.423354
15.392227
15.417844
15.423369
15.430070
15.427865
15.431312
15.431035
15.444791
15.440333
15.426260
15.443319
15.423275
15.428355
15.435014
15.439313
15.436506
15.427840
15.398223
15.392425
15.397822
15.390263
15.386910
15.385268
15.376253
15.374863
15.367324
15.384014
15.386493
15.393486
15.377550
15.399015
15.399108
15.396638
15.402867
15.407409
15.389923
15.390096
15.392351
15.383760
15.372095
15.375675
15.377124
15.379349
15.372038
15.331248
15.329373
15.350638
15.369148
15.392690
15.387640
15.397183
15.396813
15.405197
15.391797
15.416658
15.416836
15.430195
15.426833
15.424541
15.421473
15.407846
15.409849
15.415048
15.440747
15.471286
15.473395
15.469235
15.463440
15.478511
15.464606
15.465261
15.466434
15.463248
15.463683
15.496404
15.526243
15.528416
15.520008
15.520543
15.506683
15.487229
15.479152
15.490594
15.493681
15.517344
15.521030
15.476679
15.463596
15.440384
15.427082
15.396420
15.409131
15.403437
15.413605
15.414475
15.417101
15.411610
15.415825
15.357192
15.377646
15.382743
15.392581
15.405411
15.407729
15.416750
15.407754
15.408025
15.408770
15.420704
15.407270
15.412003
15.412186
15.435521
15.444040
15.441567
15.430404
15.425102
15.428238
15.455306
15.469602
15.433121
15.429900
15.453581
15.457465
15.480919
15.496098
15.503106
15.504689
15.468328
15.473683
15.477545
15.447121
15.449345
15.490741
15.471144
15.482131
15.484391
15.485433
15.490136
15.501280
15.477713
15.467215
15.459993
15.475157
15.474217
15.477666
15.501184
15.508915
15.513915
15.518374
15.536378
15.541434
15.535790
15.541929
15.539033
15.546920
15.559400
15.550617
15.550105
15.554227
15.542454
15.531740
15.534753
15.536759
15.549065
15.557932
15.575166
15.559491
15.540679
15.540948
15.538776
15.538896
15.543490
15.527094
15.532009
15.533207
15.527323
15.511257
15.530604
15.505063
15.485181
15.505999
15.521470
15.543402
15.543940
15.535913
15.520021
15.514060
15.523314
15.519885
15.519555
15.519684
15.521370
15.523982
15.526328
15.519774
15.508527
15.499481
15.504452
15.499875
15.543006
15.535613
15.533095
15.486356
15.471352
15.479128
15.483923
15.482945
15.467622
15.479473
15.479305
15.486214
15.515171
15.500295
15.507238
15.480093
15.462681
15.465079
15.462535
15.456067
15.453583
15.452304
15.457405
15.475386
15.465857
15.459780
15.491768
15.458779
15.459188
15.477409
15.495436
15.493620
15.495500
15.518019
15.522439
15.530461
15.531397
15.569931
15.556435
15.544431
15.537782
15.536664
15.529644
15.462837
15.466585
15.474557
15.457864
15.456045
15.459131
15.486780
15.514791
15.506181
15.457699
15.458950
15.473586
15.474233
15.515821
15.517348
15.534207
15.533308
15.526873
15.528627
15.519309
15.514579
15.439892
15.460332
15.442556
15.448336
15.429947
15.440676
15.440740
15.436100
15.435151
15.440069
15.443034
15.460987
15.463702
15.460503
15.471011
15.471109
15.500052
15.496957
15.498941
15.487134
15.474372
15.476658
15.472225
15.473008
15.484860
15.489549
15.496952
15.504646
15.505758
15.531621
15.532385
15.539303
15.536292
15.527571
15.547433
15.542075
15.574652
15.585140
15.585952
15.582063
15.604485
15.606917
15.597640
15.606183
15.595405
15.595258
15.599868
15.600234
15.606475
15.548746
15.529405
15.540491
15.509098
15.522590
15.518988
15.512256
15.506336
15.503677
15.502027
15.489716
15.491849
15.471997
15.456627
15.461701
15.457942
15.472554
15.469008
15.457107
15.462754
15.447883
15.439683
15.442426
15.409810
15.412055
15.428592
15.446305
15.458271
15.425389
15.415570
15.406523
15.419600
15.416950
15.412874
15.412511
15.395282
15.391547
15.420690
15.427529
15.431402
15.429341
15.405038
15.409865
15.430915
15.451166
15.451177
15.449298
15.452122
15.476357
15.478147
15.482814
15.459775
15.446972
15.445958
15.455794
15.445529
15.424703
15.441438
15.450138
15.431214
15.422119
15.396934
15.420202
15.423177
15.425236
15.420878
15.430725
15.420672
15.415577
15.428377
15.425538
15.397650
15.391319
15.367042
15.350298
15.350583
15.371308
15.406524
15.375034
15.388896
15.385155
15.374853
15.375166
15.383280
15.377680
15.384395
15.349725
15.351828
15.369269
15.362998
15.351275
15.345278
15.334806
15.342522
15.355857
15.345084
15.337780
15.335932
15.331538
15.337793
15.388508
15.404959
15.416788
15.413296
15.411631
15.413400
15.428715
15.447583
15.438785
15.445221
15.425754
15.420629
15.406555
15.408420
15.412291
15.418553
15.422229
15.430659
15.427982
15.449496
15.446099
15.455287
15.466580
15.466925
15.496173
15.472548
15.468699
15.460308
15.466940
15.469787
15.460647
15.472003
15.480782
15.473864
15.478637
15.479023
15.506646
15.511176
15.476705
15.459996
15.404680
15.401715
15.404991
15.407956
15.414170
15.419986
15.418814
15.416452
15.409649
15.428802
15.432094
15.412945
15.397891
15.393220
15.371846
15.353765
15.361740
15.363102
15.361907
15.362583
15.353706
15.371569
15.364999
15.374496
15.372230
15.347537
15.353593
15.366833
15.382939
15.396279
15.406926
15.401371
15.397636
15.387738
15.381450
15.375819
15.375375
15.375942
15.428571
15.437143
15.444459
15.412468
15.417741
15.414688
15.420056
15.408802
15.407565
15.409699
15.397201
15.424978
15.421657
15.402841
15.387296
15.391497
15.393504
15.405106
15.397771
15.393123
15.406135
15.415322
15.384625
15.395423
15.394703
15.416104
15.381439
15.372371
15.380299
15.378839
15.360891
15.367552
15.357967
15.358167
15.349095
15.351532
15.319918
15.292671
15.313169
15.308453
15.300878
15.309307
15.293614
15.293069
15.291886
15.268600
15.273927
15.272048
15.273548
15.282479
15.260609
15.263752
15.267489
15.256834
15.237506
15.195328
15.198000
15.197244
15.188062
15.196366
15.207081
15.206818
15.183093
15.180658
15.163999
15.175334
15.174699
15.191261
15.181382
15.184321
15.190457
15.199527
15.203139
15.207414
15.199394
15.200474
15.215265
15.226801
15.234905
15.232649
15.209114
15.194852
15.174790
15.161347
15.180946
15.204042
15.202378
15.166092
15.163192
15.155912
15.163785
15.182058
15.179553
15.166526
15.130015
15.139444
15.141375
15.132671
15.149773
15.113101
15.129733
15.108127
15.101078
15.103518
15.119717
15.107166
15.088441
15.111956
15.104886
15.107234
15.090298
15.100006
15.093595
15.087855
15.084317
15.094427
15.102712
15.119605
15.088562
15.091431
15.077741
15.077970
15.113805
15.127565
15.145011
15.130654
15.159011
15.142977
15.145232
15.167854
15.160515
15.158552
15.156346
15.157092
15.148860
15.144294
15.147198
15.144252
15.158978
15.156060
15.164635
15.174196
15.167887
15.156403
15.157855
15.190564
15.196286
15.199141
15.212255
15.214033
15.218903
15.226081
15.168472
15.181429
15.172048
15.172356
15.156753
15.149532
15.165054
15.175347
15.143733
15.153335
15.148756
15.161741
15.187131
15.189079
15.177910
15.176163
15.174163
15.184963
15.191479
15.206775
15.214035
15.211082
15.215738
15.229691
15.221511
15.212310
15.205286
15.218700
15.198220
15.201465
15.228645
15.233293
15.231757
15.245142
15.239712
15.243608
15.246246
15.225911
15.230228
15.233720
15.225191
15.236548
15.230008
15.233091
15.271322
15.268431
15.265551
15.270234
15.249358
15.247037
15.249550
15.271458
15.298070
15.288847
15.288082
15.279511
15.280212
15.276082
15.256238
15.273677
15.258285
15.265779
15.268047
15.265749
15.275638
15.266005
15.261819
15.306875
15.304237
15.312328
15.305470
15.302138
15.307014
15.295904
15.289470
15.292629
15.278619
15.273457
15.278744
15.275691
15.270721
15.274706
15.275454
15.273356
15.298372
15.290415
15.285461
15.277725
15.256943
15.259979
15.244834
15.237584
15.297413
15.296148
15.352628
15.350437
15.342643
15.344861
15.358406
15.332222
15.301635
15.306516
15.293027
15.288660
15.291668
15.332136
15.335563
15.327460
15.334512
15.337290
15.342100
15.333026
15.330826
15.349026
15.348224
15.339440
15.346202
15.345142
15.332130
15.337435
15.344537
15.360891
15.282908
15.307378
15.266411
15.261286
15.254913
15.260693
15.249421
15.240467
15.218920
15.223419
15.226033
15.220767
15.190393
15.194422
15.167022
15.168130
15.159785
15.161950
15.165312
15.171049
15.157447
15.187346
15.179231
15.174067
15.178905
15.171022
15.169780
15.209346
15.210994
15.207383
15.215070
15.205424
15.172436
15.196508
15.198788
15.201667
15.201858
15.181636
15.176231
15.187754
15.188562
15.171316
15.168883
15.167992
15.154317
15.156471
15.157589
15.145491
15.145274
15.132099
15.136126
15.155226
15.147805
15.146444
15.101460
15.097289
15.095710
15.116106
15.092725
15.105242
15.080115
15.076655
15.075076
15.074684
15.075146
15.080702
15.089532
15.104327
15.095552
15.107748
15.102954
15.068797
15.082891
15.091835
15.089689
15.078159
15.054416
15.043450
15.040268
15.040213
15.028710
15.028468
15.036610
15.042541
15.045867
15.070194
15.071802
15.078255
15.081556
15.087379
15.099619
15.099765
15.100781
15.095401
15.126991
15.119136
15.144169
15.147875
15.134215
15.127402
15.136656
15.132808
15.124994
15.110855
15.101563
15.113019
15.112569
15.101579
15.099300
15.099250
15.103799
15.074900
15.082028
15.060017
15.054067
15.042487
15.045593
15.040313
15.046854
15.051979
15.041581
15.027502
15.045503
15.047635
15.035665
15.041427
15.032247
15.022224
15.021547
15.028159
15.053738
15.073233
15.063084
15.055228
15.056281
15.038804
15.028011
15.023195
15.007353
15.021380
15.027842
15.036968
15.042182
15.054204
15.068251
15.074193
15.083797
15.079262
15.065038
15.038002
15.044400
15.045747
15.041604
15.028734
15.026979
15.009103
15.015183
15.020078
14.992571
14.985445
14.985667
15.002790
15.021310
15.015160
15.025593
15.018139
15.018424
15.014263
15.013373
15.008828
15.015084
15.014866
15.008281
14.989113
14.984147
14.979562
14.963612
14.985713
14.998350
14.999598
15.006862
15.010271
15.010505
15.022087
15.022552
15.025012
15.037087
15.039595
15.044439
15.077659
15.119352
15.098934
15.106728
15.114096
15.113723
15.124026
15.114327
15.118856
15.096302
15.098214
15.095003
15.092346
15.095672
15.094057
15.079730
15.088321
15.085372
15.099106
15.096360
15.100044
15.096411
15.105225
15.117988
15.114301
15.067418
15.034677
15.036400
15.041830
15.034405
15.011653
14.982107
14.991971
14.993533
14.977811
14.985483
14.988934
14.980114
15.010004
15.027616
15.015644
14.987598
14.999085
14.991979
14.970241
14.981783
14.996794
15.020946
15.016458
15.021369
15.025680
15.027855
15.023251
15.023515
15.026638
15.012467
15.011621
15.014986
15.007542
15.025853
15.018561
15.030146
15.040432
15.034659
15.037741
15.030110
15.035141
15.017754
15.009175
15.011878
15.008483
15.014313
15.005525
15.009090
14.979471
14.941765
14.927548
14.929492
14.951166
14.958436
14.957407
14.936066
14.930642
14.934076
14.951996
14.944267
14.935630
14.943522
14.906514
14.912775
14.878948
14.882367
14.881221
14.884923
14.885412
14.883893
14.883057
14.873929
14.877132
14.883078
14.889293
14.885522
14.892773
14.890586
14.904428
14.902835
14.905193
14.903602
14.929032
14.936512
14.935229
14.940074
14.929359
14.949145
14.955559
14.965193
14.951457
14.922048
14.929696
14.927274
14.928189
14.930200
14.926467
14.934928
14.951486
14.925361
14.921297
14.923669
14.920605
14.918742
14.918530
14.907779
14.902934
14.909350
14.901195
14.916706
14.906613
14.917977
14.944367
14.923648
14.930352
14.931205
14.948003
14.950423
14.978589
14.961652
14.943374
14.961021
14.962624
14.969179
14.961295
14.979223
14.976382
14.997880
15.001651
14.990274
14.971500
14.982148
14.975099
14.983968
15.001849
15.004485
14.992000
14.996907
15.009913
15.004369
15.003808
15.010279
15.019249
15.021824
15.023490
15.002649
14.960277
14.976118
14.979353
14.986088
14.970239
14.993585
14.997739
14.989083
14.987843
14.979847
14.984103
14.975407
15.014631
15.001828
15.001791
15.002838
14.991487
15.006387
15.004633
15.002313
14.996104
15.008693
15.014718
15.028850
15.024586
15.026025
15.025114
15.032273
15.024559
15.031026
15.028884
15.070190
15.049499
15.053407
15.047154
15.085758
15.102303
15.125197
15.148744
15.183487
15.211791
15.221646
15.215058
15.204889
15.195946
15.200533
15.250034
15.239143
15.216806
15.201579
15.219286
15.211016
15.209995
15.240574
15.241078
15.240789
15.229226
15.223212
15.232514
15.238924
15.233131
15.219922
15.196385
15.188159
15.201362
15.210658
15.220482
15.204805
15.223248
15.224919
15.235613
15.254760
15.251847
15.249857
15.219959
15.212376
15.203560
15.182242
15.167829
15.172436
15.177166
15.161450
15.169893
15.179139
15.181402
15.133794
15.148648
15.163902
15.166469
15.172544
15.155086
15.148423
15.146276
15.126306
15.113091
15.123850
15.125927
15.130653
15.128491
15.131801
15.160640
15.183159
15.194148
15.219729
15.186138
15.192709
15.187984
15.188268
15.168231
15.164179
15.163490
15.152913
15.174190
15.123969
15.113683
15.142528
15.149810
15.153275
15.147333
15.147511
15.090801
15.078530
15.058038
15.060164
15.057618
15.059386
15.055578
15.059964
15.064251
15.040812
15.040204
15.033000
15.029138
15.062086
15.042920
15.040168
15.038188
15.034368
15.003881
14.993322
14.965591
14.951287
14.971504
14.981057
14.954460
14.918776
14.915938
14.916368
14.918390
14.895943
14.882499
14.896367
14.904399
14.901274
14.906012
14.914370
14.890111
14.893039
14.885790
14.868539
14.864191
14.875929
14.882377
14.877512
14.873074
14.871646
14.908153
14.934508
14.946815
14.938456
14.940382
14.942496
14.920987
14.939704
14.945035
14.957274
14.939420
14.943784
14.950555
14.945200
14.941589
14.947729
14.934674
14.894478
14.900408
14.899048
14.912589
14.927709
14.928144
14.937484
14.910345
14.933615
14.968165
14.978948
14.964917
14.972939
14.977787
14.949651
14.973167
14.964735
14.957458
14.964119
14.957648
14.949321
14.948079
14.947588
14.924619
14.925812
14.933062
14.935111
14.899831
14.891178
14.896367
14.906567
14.904348
14.917719
14.939848
14.958595
14.936265
14.945827
14.907696
14.910890
14.907326
14.916679
14.886826
14.878646
14.892718
14.880588
14.871147
14.888378
14.855446
14.863236
14.867277
14.868925
14.862035
14.853724
14.844278
14.825125
14.838080
14.844328
14.831979
14.820826
14.834225
14.853070
14.854067
14.854332
14.844739
14.820697
14.832644
14.862108
14.852260
14.830000
14.860313
14.854400
14.851865
14.851375
14.842575
14.850173
14.853213
14.840928
14.842892
14.851530
14.833932
14.819711
14.826250
14.826632
14.849650
14.846668
14.841818
14.845006
14.840307
14.827057
14.825819
14.821304
14.822300
14.799837
14.815997
14.815299
14.809358
14.804631
14.809683
14.818042
14.820167
14.807818
14.832721
14.836477
14.852496
14.853503
14.841267
14.842339
14.842032
14.846389
14.855373
14.877508
14.930422
14.932234
14.936954
14.937823
14.939065
14.945831
14.956679
14.961328
14.972035
14.993322
15.007551
15.023617
15.017924
15.021724
15.011168
15.018441
15.016681
15.016747
15.024908
15.030692
15.020788
15.011538
15.006441
15.000593
14.989811
14.994525
14.997612
14.968304
14.983493
14.977189
14.983060
14.989085
14.995066
14.989802
14.985687
15.009211
15.017821
15.018428
15.002310
14.999581
15.004659
15.000089
14.995446
14.995108
15.000463
14.978176
14.979812
14.988509
14.989203
15.003370
14.997016
14.994115
14.987850
14.981483
14.980050
14.979284
14.922005
14.937380
14.934991
14.944621
14.935494
14.926938
14.925941
14.900926
14.905532
14.909160
14.907918
14.916863
14.932773
14.946918
14.955221
14.944709
14.930123
14.950872
14.955747
14.949647
14.943683
14.940018
14.932203
14.917667
14.986631
15.004127
14.993663
15.019276
15.026946
15.052006
15.047786
15.043094
15.051036
15.055129
15.043537
15.045475
15.036435
15.041683
15.038582
14.997638
15.002961
15.030505
15.016456
15.037103
15.038100
15.039524
15.041495
15.018792
15.027713
15.038279
15.033620
15.014319
15.004481
15.021992
15.010650
14.995101
15.000690
14.991273
14.983102
14.955477
14.967544
14.962014
14.966527
14.951455
14.949505
14.959244
14.954388
14.942272
14.929101
14.933510
14.922533
14.910648
14.904163
14.917452
14.934234
14.938999
14.945341
14.960193
14.946598
14.946132
14.937095
14.950275
14.953510
14.941744
14.945931
14.942808
14.923741
14.922953
14.950328
14.938984
14.957195
14.954374
14.956260
14.958294
14.930084
14.931515
14.929751
14.931660
14.947463
14.946659
14.944381
14.938559
14.931399
14.939388
14.949052
14.930075
14.937800
14.915769
14.922981
14.911893
14.898609
14.905357
14.909513
14.903939
14.903469
14.933021
14.907311
14.913697
14.927468
14.927956
14.914488
14.942557
14.926043
14.924738
14.958739
14.959141
14.951849
14.957218
14.960558
14.936514
14.913365
14.918717
14.932715
14.930864
14.931387
14.933719
14.924265
14.925142
14.931986
14.917365
14.924470
14.923944
14.904953
14.916944
14.931636
14.936851
14.933641
14.925978
14.904875
14.874427
14.889074
14.888499
14.859995
14.839802
14.836304
14.837839
14.839333
14.825928
14.811703
14.805766
14.802634
14.797196
14.800714
14.795668
14.804422
14.823090
14.815953
14.825576
14.821815
14.822594
14.850445
14.863014
14.862909
14.839559
14.854910
14.855715
14.873663
14.877483
14.877604
14.893671
14.895888
14.890966
14.894435
14.864629
14.860528
14.872056
14.858151
14.864685
14.850181
14.863298
14.852710
14.849263
14.852573
14.849757
14.849099
14.861751
14.870704
14.867580
14.864280
14.870739
14.873733
14.902787
14.905220
14.899484
14.880280
14.882683
14.888074
14.876718
14.875519
14.871099
14.858847
14.799253
14.814033
14.788915
14.806467
14.801120
14.817644
14.836681
14.849328
14.869101
14.873111
14.885588
14.883273
14.891751
14.908169
14.902388
14.886818
14.897075
14.924993
14.926762
14.932146
14.928554
14.930302
14.946988
14.961979
14.981723
14.981470
14.964038
14.982847
14.982551
14.996043
14.989490
14.995425
14.967466
14.940146
14.919026
14.943999
14.942911
14.964622
14.975201
14.974826
14.967381
14.963435
14.959633
14.952898
14.967367
14.968205
14.965746
14.967360
14.937178
14.939876
14.944382
14.931218
14.909636
14.893452
14.904884
14.896789
14.910824
14.921130
14.919569
14.890006
14.880464
14.864649
14.862754
14.870636
14.879139
14.883840
14.884914
14.886259
14.898527
14.905126
14.886984
14.895215
14.900881
14.894489
14.895843
14.893522
14.883678
14.888214
14.894556
14.890196
14.896783
14.902473
14.871191
14.875820
14.890627
14.854838
14.824322
14.828371
14.817454
14.841928
14.813662
14.815273
14.818156
14.812179
14.792841
14.789698
14.792702
14.814911
14.822603
14.809463
14.812211
14.797279
14.767199
14.748600
14.765838
14.796814
14.774529
14.766069
14.785075
14.792406
14.790352
14.799733
14.775795
14.792589
14.788445
14.771308
14.772236
14.757789
14.751000
14.756566
14.752925
14.758939
14.759252
14.769956
14.773542
14.762577
14.751348
14.755926
14.764610
14.766092
14.798851
14.766071
14.750017
14.753724
14.725447
14.720356
14.716321
14.716165
14.717310
14.693313
14.689041
14.684014
14.694342
14.675342
14.677295
14.674372
14.676385
14.681811
14.675317
14.683482
14.685166
14.711963
14.719720
14.725786
14.714380
14.725153
14.729250
14.726766
14.725815
14.720478
14.709425
14.713082
14.697733
14.699775
14.712351
14.695089
14.690874
14.698266
14.707002
14.734240
14.736197
14.736462
14.733575
14.732620
14.702922
14.695003
14.713288
14.692469
14.678167
14.708245
14.728087
14.701210
14.706586
14.692964
14.667220
14.674243
14.660025
14.643772
14.650525
14.670104
14.662572
14.671593
14.692732
14.701347
14.705221
14.694359
14.712118
14.719764
14.706784
14.722674
14.721408
14.729358
14.717040
14.720785
14.727646
14.727653
14.709556
14.695843
14.710884
14.709632
14.714013
14.727289
14.748471
14.724973
14.714355
14.655125
14.641106
14.656689
14.665415
14.657116
14.619725
14.606118
14.593145
14.597194
14.604722
14.612387
14.608743
14.596251
14.618014
14.622167
14.616970
14.624924
14.656717
14.653632
14.658551
14.669940
14.649176
14.650091
14.669878
14.652029
14.650128
14.644967
14.655699
14.653753
14.645978
14.677805
14.676138
14.650911
14.656893
14.657141
14.656194
14.651637
14.644778
14.647309
14.652349
14.668828
14.658002
14.676369
14.660583
14.630911
14.640884
14.644793
14.642112
14.613093
14.613096
14.592157
14.586748
14.587191
14.602447
14.577088
14.566761
14.575221
14.569060
14.547347
14.541596
14.519435
14.489045
14.489921
14.511009
14.506410
14.482092
14.477042
14.471186
14.459436
14.479710
14.481379
14.479747
14.493556
14.513178
14.518416
14.531289
14.526282
14.525027
14.503575
14.500303
14.475148
14.459778
14.476223
14.491860
14.505580
14.493479
14.520056
14.547475
14.552212
14.563084
14.560249
14.560330
14.573643
14.580575
14.572947
14.577703
14.586805
14.596845
14.604307
14.605532
14.593403
14.594327
14.591583
14.582168
14.606186
14.599664
14.579529
14.584050
14.575432
14.558023
14.556456
14.542464
14.540016
14.538646
14.547129
14.536435
14.494737
14.518094
14.532307
14.548301
14.542255
14.546799
14.560155
14.566742
14.575381
14.557534
14.560213
14.591107
14.598487
14.592636
14.601807
14.599310
14.639223
14.624145
14.627190
14.678224
14.678571
14.686435
14.681611
14.683469
14.673037
14.686617
14.678803
14.667997
14.647467
14.639452
14.622597
14.628777
14.610685
14.614864
14.622582
14.630463
14.631517
14.617575
14.559252
14.568469
14.555127
14.539176
14.524689
14.559487
14.563604
14.566347
14.551340
14.561618
14.560853
14.563015
14.554092
14.573045
14.561270
14.569132
14.572233
14.573599
14.567798
14.526335
14.518119
14.516952
14.534162
14.531323
14.519694
14.511862
14.505299
14.532310
14.525816
14.533984
14.551155
14.550960
14.547863
14.543577
14.538632
14.534343
14.544079
14.571816
14.569504
14.603082
14.582616
14.569641
14.563634
14.566833
14.553120
14.551362
14.567833
14.562513
14.550620
14.553799
14.574457
14.572832
14.571948
14.556945
