15.104359
15.097291
15.099318
15.124218
15.116988
15.118390
15.061192
15.089594
15.092677
15.088166
15.086368
15.078786
15.064536
15.054221
15.036283
15.050392
15.017889
15.052756
15.069111
15.063545
15.017131
15.000658
14.997339
14.999246
14.999009
14.998569
14.998662
14.997465
15.004484
15.016740
15.029635
15.025506
15.020273
15.023787
15.010639
15.015708
15.030528
15.036373
15.024954
15.049636
15.062013
15.067155
15.066332
15.017747
15.018923
15.009044
14.983819
14.996247
15.007482
15.024902
15.022535
15.028305
15.015121
14.998825
15.026082
15.044013
15.046821
15.052401
15.050620
15.056665
15.035499
15.053977
15.049187
15.053722
15.067509
15.084658
15.085030
15.079780
15.078304
15.090918
15.092318
15.092922
15.105673
15.108184
15.056678
15.031067
15.011578
15.013984
15.000933
15.020637
15.017116
15.022152
15.014075
14.993751
15.000140
14.998947
15.011742
14.994808
15.008774
15.020203
15.027358
15.030375
15.035104
15.030082
15.054514
15.050557
15.066206
15.050981
15.056074
15.041762
15.058538
15.056080
15.060544
15.038658
15.038585
15.038756
15.045476
15.051617
15.038198
15.060894
15.065328
15.024801
15.062158
15.048770
15.060536
15.061028
15.064220
15.071739
15.078991
15.106347
15.155824
15.133686
15.109816
15.098264
15.086108
15.093831
15.080348
15.081789
15.069870
15.059051
15.051221
15.063026
15.074799
15.064370
15.076453
15.119049
15.098680
15.086504
15.070088
15.045486
15.046145
15.064676
15.072939
15.080247
15.077800
15.062853
15.057237
15.075365
15.085949
15.099027
15.106027
15.083635
15.078492
15.083175
15.104756
15.115897
15.123463
15.181192
15.182118
15.175058
15.170462
15.166809
15.160191
15.160879
15.151522
15.154671
15.144047
15.142762
15.188278
15.179689
15.179405
15.166576
15.171521
15.160475
15.160801
15.155513
15.145090
15.149323
15.143646
15.145506
15.154740
15.138540
15.128886
15.122596
15.119536
15.107482
15.110081
15.097731
15.089837
15.105015
15.092662
15.074340
15.098760
15.075079
15.075840
15.089971
15.109400
15.107812
15.103748
15.121007
15.134225
15.155721
15.164803
15.170026
15.175848
15.175365
15.179598
15.172061
15.182716
15.202529
15.212981
15.213717
15.212253
15.200128
15.194608
15.205712
15.215984
15.213319
15.211286
15.223818
15.220854
15.203777
15.241581
15.229896
15.226180
15.247699
15.201509
15.204546
15.193136
15.191944
15.214764
15.178604
15.174760
15.200552
15.209473
15.212051
15.193349
15.194489
15.176278
15.182382
15.223845
15.217562
15.228380
15.232229
15.242046
15.235504
15.232966
15.252598
15.234382
15.233786
15.235846
15.227519
15.202730
15.222532
15.228193
15.192202
15.198491
15.177729
15.199431
15.210051
15.210238
15.201721
15.205796
15.197471
15.204039
15.269605
15.271201
15.260335
15.269685
15.294213
15.281576
15.277384
15.279872
15.300549
15.294094
15.319816
15.309124
15.319961
15.311406
15.301395
15.296192
15.282488
15.249932
15.259443
15.266019
15.292552
15.300337
15.270692
15.281681
15.284228
15.260201
15.261457
15.291108
15.259971
15.254671
15.251277
15.262491
15.259675
15.305346
15.303585
15.312495
15.304018
15.298064
15.295717
15.303573
15.350179
15.364836
15.369284
15.360301
15.363050
15.386812
15.375231
15.400240
15.397776
15.402217
15.388494
15.387027
15.356616
15.328903
15.355285
15.350241
15.364992
15.358331
15.344553
15.333493
15.301679
15.265264
15.266992
15.277929
15.271377
15.276442
15.296985
15.288290
15.312409
15.304114
15.302039
15.315695
15.307202
15.305047
15.310226
15.298957
15.316916
15.304664
15.289949
15.311891
15.296255
15.275958
15.284307
15.276394
15.323043
15.313630
15.301563
15.311768
15.301809
15.301726
15.298526
15.308742
15.317829
15.322331
15.320176
15.336014
15.313985
15.305459
15.323075
15.312171
15.306570
15.317383
15.341074
15.338505
15.353908
15.357628
15.322395
15.318992
15.298102
15.289239
15.297212
15.272178
15.286603
15.315794
15.329785
15.332400
15.341605
15.351517
15.357128
15.375724
15.399436
15.408025
15.405588
15.410414
15.420116
15.387860
15.388711
15.406362
15.392717
15.410952
15.419439
15.409961
15.405746
15.407404
15.412675
15.382086
15.400668
15.374020
15.403569
15.373630
15.381502
15.392484
15.383225
15.383078
15.385379
15.413688
15.379378
15.376825
15.379676
15.411987
15.393262
15.355379
15.354722
15.351357
15.347057
15.386472
15.394900
15.384473
15.396608
15.402242
15.379672
15.376612
15.356783
15.328578
15.319119
15.310185
15.311946
15.308630
15.312875
15.309982
15.302096
15.304546
15.314374
15.320376
15.302615
15.283031
15.283017
15.270320
15.255452
15.250187
15.240436
15.229534
15.247485
15.230492
15.226311
15.229664
15.219637
15.229871
15.208587
15.217850
15.226107
15.219838
15.228391
15.233207
15.234338
15.252076
15.232232
15.241745
15.305056
15.291680
15.315095
15.314489
15.302351
15.308304
15.331987
15.322560
15.318475
15.347304
15.355518
15.356529
15.354532
15.352034
15.357754
15.364653
15.367016
15.374244
15.362884
15.359560
15.363875
15.353693
15.346454
15.343200
15.347888
15.345520
15.326010
15.332308
15.343285
15.326325
15.345776
15.350988
15.350942
15.335253
15.355764
15.366847
15.377894
15.386729
15.375400
15.348453
15.343735
15.339279
15.346776
15.317493
15.317620
15.307426
15.326036
15.313085
15.329557
15.316756
15.319340
15.321938
15.326045
15.342497
15.334329
15.333531
15.334270
15.339623
15.335209
15.317482
15.328052
15.334586
15.313972
15.299632
15.293766
15.315446
15.315982
15.334688
15.339664
15.330057
15.325635
15.342475
15.353725
15.348454
15.353145
15.334472
15.317319
15.304459
15.301442
15.311703
15.314266
15.311091
15.321453
15.312662
15.305843
15.318240
15.302293
15.310548
15.299193
15.294438
15.273431
15.261852
15.287423
15.296254
15.305812
15.294342
15.303147
15.321581
15.330668
15.336620
15.374207
15.373231
15.380076
15.390682
15.411299
15.410165
15.416466
15.402562
15.387067
15.411239
15.417766
15.421597
15.402311
15.403912
15.387599
15.374366
15.359109
15.364706
15.344869
15.329483
15.329410
15.325732
15.317178
15.316108
15.327737
15.336329
15.324762
15.354343
15.335221
15.329558
15.330995
15.318677
15.313056
15.300018
15.297387
15.323961
15.312677
15.321883
15.289173
15.286962
15.287191
15.293041
15.305470
15.312626
15.325506
15.334152
15.361712
15.365941
15.354373
15.343115
15.339490
15.356853
15.382910
15.381267
15.381561
15.392641
15.381370
15.384194
15.375398
15.381319
15.379497
15.392135
15.379602
15.387108
15.409171
15.396888
15.419457
15.409739
15.400241
15.399610
15.407343
15.399811
15.385697
15.393374
15.382061
15.381804
15.381467
15.372613
15.348475
15.351473
15.354859
15.360362
15.351750
15.392375
15.378345
15.375041
15.371645
15.366285
15.340427
15.323854
15.315317
15.295194
15.304380
15.314071
15.306343
15.324732
15.299517
15.300350
15.309516
15.298061
15.286231
15.293459
15.296710
15.296754
15.288068
15.278853
15.297636
15.296939
15.288722
15.280634
15.269837
15.256160
15.250204
15.247793
15.236282
15.206266
15.193099
15.210867
15.227870
15.202635
15.203898
15.165882
15.158441
15.154699
15.146799
15.163370
15.114934
15.118802
15.110199
15.123072
15.120903
15.121002
15.120663
15.116653
15.133072
15.160464
15.161036
15.126410
15.106500
15.105233
15.127531
15.124100
15.120252
15.102291
15.090288
15.079978
15.078171
15.075956
15.082103
15.086595
15.096971
15.095045
15.094314
15.077061
15.090202
15.077756
15.069360
15.067416
15.054848
15.058210
15.074253
15.054330
15.049047
15.062840
15.052994
15.069340
15.064064
15.079201
15.052270
15.060282
15.048589
15.055347
15.050164
15.045132
15.043278
15.060890
15.068638
15.056295
15.057110
15.055253
15.046685
15.039965
15.039607
15.036228
15.034326
15.040906
15.052328
15.061995
15.046789
15.046688
15.062789
15.052065
15.058503
15.057038
15.074254
15.079129
15.077783
15.060088
15.052343
15.070936
15.096292
15.076627
15.088535
15.102218
15.108580
15.104605
15.109552
15.105182
15.091688
15.081635
15.102227
15.107456
15.110645
15.102746
15.091929
15.092503
15.089220
15.084947
15.111794
15.129163
15.122035
15.119550
15.147615
15.149423
15.154899
15.164469
15.143927
15.132850
15.137812
15.125955
15.090551
15.097471
15.101778
15.110975
15.110872
15.112096
15.113588
15.111911
15.130259
15.143122
15.133340
15.136423
15.142539
15.156941
15.146801
15.151806
15.141909
15.157511
15.161044
15.172173
15.162453
15.134539
15.123996
15.124311
15.115333
15.125246
15.125684
15.114655
15.096270
15.091356
15.075009
15.069553
15.049807
15.037287
15.027689
15.039316
15.048865
15.040339
15.032989
15.022140
15.017457
15.006158
15.013840
15.032204
15.027547
15.038863
15.042494
15.047886
15.046940
15.040084
15.035439
15.024101
15.023504
15.021094
15.019288
15.039458
15.018962
15.009975
15.023396
15.019962
14.991627
14.987750
14.999420
14.991285
14.972466
14.960956
15.013349
15.022928
15.041249
15.086951
15.074710
15.051044
15.038673
15.039619
15.010409
15.011318
15.015106
15.029763
15.033985
15.013504
15.029396
15.033837
15.029154
15.039517
15.040077
15.007211
14.980848
14.977576
14.980824
14.976694
14.976368
14.965741
14.974185
14.958901
14.963905
14.952511
14.939568
14.923719
14.925091
14.903662
14.920016
14.927290
14.936968
14.928783
14.917077
14.895600
14.874846
14.858589
14.862069
14.865023
14.861373
14.852061
14.848379
14.883655
14.889515
14.890792
14.879212
14.868577
14.883941
14.854678
14.839651
14.815501
14.831827
14.827139
14.852846
14.871389
14.869927
14.869264
14.883769
14.892246
14.893744
14.887295
14.877488
14.895188
14.928302
14.933643
14.935056
14.943754
14.945094
14.933218
14.927071
14.915078
14.919308
14.929027
14.922600
14.921309
14.919000
14.929740
14.915249
14.908846
14.916952
14.906298
14.883390
14.884613
14.885816
14.883726
14.877713
14.867756
14.850946
14.861018
14.860884
14.859926
14.858365
14.848637
14.850075
14.879703
14.886624
14.893384
14.892759
14.925953
14.906585
14.894135
14.897585
14.886530
14.894477
14.903193
14.897811
14.928486
14.905548
14.908318
14.878481
14.879283
14.871511
14.862501
14.856786
14.849226
14.881618
14.876864
14.872934
14.885551
14.863725
14.861877
14.875431
14.866621
14.867152
14.868565
14.867241
14.866512
14.862046
14.841595
14.839066
14.852508
14.851667
14.872052
14.889339
14.871411
14.864850
14.838212
14.838481
14.832167
14.846756
14.858347
14.857138
14.876800
14.872348
14.855181
14.844806
14.829133
14.827614
14.820107
14.817907
14.836006
14.839254
14.826205
14.835211
14.815823
14.811483
14.803785
14.798500
14.804085
14.810241
14.849805
14.852011
14.867196
14.871587
14.825857
14.826276
14.829401
14.852934
14.860437
14.858513
14.895549
14.890556
14.888790
14.885338
14.881801
14.882134
14.881033
14.880297
14.886482
14.897665
14.888688
14.920068
14.913189
14.907983
14.881609
14.846080
14.851173
14.860554
14.854117
14.874701
14.869972
14.874617
14.901469
14.908241
14.895139
14.883179
14.873321
14.870200
14.881748
14.852279
14.870416
14.871413
14.863770
14.864984
14.858837
14.861347
14.845339
14.845108
14.859186
14.867497
14.857949
14.862896
14.837831
14.827418
14.833103
14.833458
14.833897
14.836038
14.838141
14.837888
14.860114
14.852328
14.852600
14.858336
14.854848
14.872193
14.861045
14.854097
14.864371
14.871570
14.837976
14.833884
14.831878
14.819501
14.833661
14.836346
14.828362
14.844811
14.863038
14.856570
14.837548
14.878479
14.899612
14.895031
14.923364
14.920889
14.934724
14.914919
14.928674
14.947975
14.921087
14.916346
14.926101
14.927364
14.927227
14.926969
14.909954
14.908199
14.873708
14.875583
14.905753
14.899581
14.899748
14.880183
14.874392
14.890331
14.875172
14.867972
14.885908
14.868109
14.870599
14.848763
14.863106
14.862021
14.860452
14.858891
14.859678
14.894502
14.892101
14.894102
14.853013
14.871252
14.881517
14.875948
14.864044
14.862973
14.867639
14.857872
14.871823
14.880446
14.843105
14.842989
14.838089
14.855770
14.852732
14.844552
14.847979
14.847441
14.844598
14.832160
14.833223
14.837182
14.834825
14.850271
14.827865
14.828215
14.825642
14.842795
14.832875
14.832696
14.838089
14.812879
14.820382
14.810186
14.810041
14.806976
14.797247
14.792386
14.786167
14.807915
14.830378
14.831789
14.860424
14.854314
14.834423
14.835636
14.840888
14.854775
14.867624
14.887418
14.905490
14.875978
14.882456
14.864373
14.862202
14.864031
14.861555
14.866944
14.872431
14.874820
14.874282
14.871003
14.874203
14.867299
14.827493
14.835155
14.792857
14.802106
14.798741
14.798430
14.775277
14.769941
14.760633
14.758623
14.759813
14.780031
14.789089
14.798645
14.809472
14.798044
14.789285
14.807883
14.815942
14.811882
14.823578
14.840191
14.838232
14.828051
14.820228
14.823749
14.816119
14.809226
14.816235
14.818785
14.841585
14.849036
14.825240
14.820550
14.805172
14.799269
14.802211
14.811516
14.813770
14.798395
14.830258
14.840230
14.844527
14.831116
14.810498
14.798324
14.811773
14.828424
14.833018
14.832482
14.847329
14.848680
14.875695
14.901690
14.915332
14.930724
14.916285
14.919783
14.920656
14.920287
14.902162
14.913540
14.916912
14.907700
14.907609
14.904521
14.912256
14.919597
14.943692
14.948808
14.913366
14.924676
14.950278
14.966773
14.953319
14.948137
14.973404
14.974508
15.011306
15.017579
15.024393
15.022419
15.002241
14.999548
14.993837
14.960528
14.950729
14.966613
14.979272
14.986840
14.981536
14.978613
14.969964
14.962254
14.958283
14.949619
14.943443
14.948171
14.944261
14.939659
14.939551
14.934579
14.944030
14.949640
14.953015
14.961549
14.961699
14.967728
14.964884
14.941397
14.942632
14.954610
14.959907
14.957513
14.979492
14.966633
14.982822
14.977941
14.982877
14.963950
14.986016
14.985008
15.004218
15.012213
15.008814
15.025897
15.011750
15.008056
15.012727
15.011604
15.011152
15.020616
15.033926
15.053528
15.063891
15.047334
15.060616
15.071026
15.072994
15.108359
15.077657
15.066432
15.106600
15.111944
15.102691
15.111226
15.103176
15.088615
15.087973
15.108526
15.110440
15.094806
15.091873
15.084931
15.081047
15.092123
15.093358
15.097532
15.092943
15.086710
15.086661
15.080464
15.071208
15.070780
15.049881
15.045067
15.048567
15.044405
15.035909
15.060180
15.057310
15.051934
15.061061
15.086430
15.095429
15.099097
15.106447
15.095291
15.119862
15.113943
15.091005
15.119006
15.130600
15.103596
15.140016
15.149058
15.143998
15.142908
15.163547
15.160328
15.152792
15.162504
15.166071
15.207486
15.216587
15.196303
15.200700
15.203031
15.186714
15.175731
15.189191
15.186160
15.187882
15.191307
15.218665
15.238209
15.247965
15.253860
15.245126
15.233663
15.246366
15.238421
15.247990
15.220965
15.236894
15.246361
15.259883
15.273128
15.284791
15.280203
15.276601
15.296601
15.304618
15.275526
15.270226
15.255192
15.256326
15.252327
15.246058
15.297766
15.290460
15.267579
15.261685
15.250410
15.245998
15.252536
15.246615
15.226982
15.238929
15.243456
15.255414
15.266336
15.266045
15.249865
15.214774
15.203812
15.178598
15.169800
15.181344
15.177501
15.173463
15.186135
15.176951
15.175046
15.134632
15.163792
15.184812
15.162625
15.155099
15.155238
15.137406
15.140135
15.124189
15.141376
15.139402
15.126794
15.084861
15.083295
15.086678
15.070785
15.054112
15.055699
15.054123
15.050083
15.054427
15.050200
15.066365
15.066307
15.074433
15.070878
15.073565
15.042093
15.025927
15.021349
15.025293
15.009949
15.014289
15.012479
14.991501
15.012849
15.007523
15.010180
14.988845
14.977887
14.974223
14.966679
14.960428
14.961082
14.965378
14.983111
14.976729
14.950080
14.938082
14.948463
14.964760
14.945593
14.943713
14.953397
14.957958
14.914485
14.904133
14.895379
14.862606
14.863297
14.860832
14.876694
14.882028
14.884590
14.885785
14.887961
14.888532
14.878200
14.877226
14.873853
14.880741
14.872996
14.863547
14.862160
14.857865
14.844809
14.841025
14.853755
14.844416
14.840524
14.837043
14.839040
14.820366
14.826387
14.826217
14.819102
14.814838
14.821464
14.806324
14.810023
14.828052
14.827962
14.834843
14.822998
14.837439
14.846096
14.876512
14.918189
14.887354
14.884659
14.860851
14.870610
14.865660
14.871265
14.859353
14.861180
14.870344
14.870514
14.872141
14.867205
14.874371
14.875983
14.874182
14.860672
14.859326
14.848475
14.839965
14.836609
14.858359
14.846360
14.880218
14.858614
14.843163
14.847654
14.826724
14.829312
14.831928
14.843429
14.835171
14.853717
14.855767
14.851644
14.883474
14.875837
14.893591
14.909522
14.915109
14.945353
14.923216
14.924443
14.949630
14.943733
14.966770
14.990763
14.989304
15.015221
15.010616
14.990983
14.979267
14.967888
14.962945
14.964762
14.976399
14.985864
15.003836
15.000502
15.014586
15.037325
15.034801
15.052419
15.051030
15.055960
15.033183
15.039834
15.027767
15.031322
15.039364
15.044235
15.035112
15.024653
15.026601
15.030355
15.030361
15.026505
15.050368
15.043953
15.054744
15.054275
15.077692
15.091482
15.104887
15.108358
15.107999
15.112615
15.107356
15.126071
15.130303
15.131541
15.156345
15.156022
15.146980
15.181257
15.174991
15.178073
15.163425
15.164432
15.152203
15.148431
15.196977
15.190683
15.164973
15.145493
15.144005
15.142708
15.143434
15.141403
15.144292
15.140693
15.137752
15.169276
15.196244
15.192388
15.167800
15.158517
15.161541
15.138181
15.137295
15.155096
15.133689
15.159929
15.185001
15.195625
15.183305
15.203904
15.226675
15.214724
15.229457
15.234317
15.232662
15.279521
15.278974
15.274072
15.270652
15.270593
15.272530
15.268343
15.268089
15.265515
15.266964
15.253846
15.246422
15.268796
15.279899
15.265991
15.243982
15.242479
15.238073
15.233596
15.228772
15.207911
15.208898
15.229042
15.192847
15.195350
15.194796
15.201781
15.188289
15.174700
15.165135
15.192637
15.197020
15.203647
15.191243
15.228103
15.211963
15.185725
15.172964
15.170824
15.167233
15.147382
15.119022
15.099349
15.088842
15.078425
15.090202
15.116285
15.104040
15.097882
15.088901
15.091245
15.090632
15.091448
15.105159
15.105898
15.105795
15.132597
15.132832
15.126454
15.112788
15.109159
15.118718
15.138550
15.143907
15.163462
15.167154
15.166915
15.145837
15.182539
15.179901
15.152871
15.144539
15.154833
15.163253
15.158413
15.158186
15.146875
15.143355
15.137071
15.143574
15.129896
15.131798
15.145633
15.149250
15.141360
15.151001
15.140351
15.171961
15.185895
15.181118
15.174715
15.162095
15.160665
15.168285
15.149529
15.142044
15.139404
15.138327
15.139983
15.159750
15.121305
15.110752
15.111545
15.095019
15.093742
15.085950
15.082415
15.092339
15.094678
15.128700
15.125193
15.126651
15.152017
15.151183
15.153294
15.148707
15.143700
15.137172
15.144395
15.147240
15.144974
15.152438
15.161840
15.168858
15.192748
15.185241
15.186706
15.190291
15.184659
15.191464
15.222053
15.236043
15.267358
15.275650
15.265577
15.274689
15.272859
15.281180
15.290142
15.290722
15.312170
15.308888
15.314031
15.324769
15.337990
15.341097
15.339208
15.344651
15.336139
15.334949
15.338033
15.332639
15.324851
15.292637
15.302775
15.303725
15.312079
15.356798
15.350355
15.354215
15.373965
15.368596
15.361513
15.356562
15.349137
15.343760
15.347299
15.346806
15.369451
15.353273
15.341415
15.343636
15.341756
15.337570
15.314176
15.325878
15.340441
15.335894
15.318709
15.304419
15.307637
15.305832
15.281423
15.283088
15.301262
15.301112
15.314588
15.313890
15.328061
15.330438
15.338171
15.305964
15.306705
15.312146
15.310715
15.299608
15.291487
15.242050
15.225060
15.259440
15.290362
15.299005
15.300809
15.316336
15.321325
15.291550
15.297137
15.265988
15.286714
15.284146
15.302900
15.305833
15.305196
15.299821
15.281362
15.250067
15.244085
15.221757
15.241066
15.260180
15.257662
15.256708
15.250608
15.230896
15.235309
15.259412
15.257062
15.250159
15.259025
15.276681
15.263747
15.273739
15.277413
15.275809
15.290614
15.280381
15.273651
15.266542
15.260219
15.264391
15.262337
15.262602
15.264019
15.258783
15.260697
15.279845
15.283296
15.354045
15.330904
15.335694
15.326906
15.325664
15.355470
15.367992
15.326357
15.314788
15.306674
15.338836
15.342750
15.381475
15.363241
15.362390
15.355511
15.365937
15.334648
15.339551
15.330392
15.340562
15.345181
15.351359
15.371316
15.377329
15.368795
15.359256
15.331658
15.329751
15.347980
15.335368
15.322323
15.326401
15.321313
15.309325
15.295629
15.293948
15.300853
15.290669
15.294650
15.309518
15.296475
15.301388
15.297719
15.288437
15.274123
15.303496
15.304981
15.307487
15.297977
15.301464
15.261406
15.256475
15.251776
15.251111
15.256217
15.241301
15.262841
15.275097
15.282983
15.294955
15.284484
15.308794
15.333426
15.319388
15.295696
15.315369
15.315260
15.297384
15.290325
15.315783
15.357197
15.423582
15.418831
15.420627
15.422246
15.415199
15.400579
15.409542
15.404816
15.394305
15.387791
15.397923
15.387160
15.382060
15.372457
15.401961
15.399030
15.395468
15.415250
15.428072
15.430419
15.417017
15.415609
15.417199
15.446567
15.443520
15.447573
15.445870
15.467786
15.477382
15.479333
15.459039
15.466602
15.469871
15.477350
15.479838
15.467026
15.452425
15.450336
15.426918
15.464664
15.469767
15.445099
15.445443
15.468875
15.461985
15.465154
15.469404
15.473326
15.501171
15.505873
15.502324
15.493280
15.476924
15.473261
15.477232
15.476565
15.479408
15.522584
15.477507
15.472438
15.491178
15.482383
15.463531
15.468666
15.472803
15.481903
15.482461
15.473469
15.477134
15.478375
15.474348
15.475079
15.492207
15.486293
15.482704
15.485947
15.499603
15.491504
15.509108
15.533860
15.524255
15.507057
15.487709
15.499144
15.489423
15.487359
15.451772
15.435098
15.413402
15.405865
15.413851
15.422765
15.415908
15.390974
15.388865
15.400060
15.406119
15.412752
15.420897
15.416312
15.404719
15.406986
15.416096
15.409014
15.375921
15.366725
15.385371
15.370305
15.382676
15.367787
15.374399
15.374802
15.370813
15.357168
15.338771
15.344643
15.364854
15.366912
15.365978
15.359726
15.369649
15.377875
15.379983
15.371923
15.341444
15.332219
15.315567
15.315885
15.295326
15.307166
15.314395
15.311273
15.326955
15.330796
15.332337
15.314152
15.343928
15.356942
15.377156
15.348783
15.364777
15.376930
15.369342
15.365883
15.366552
15.366926
15.353800
15.339227
15.331438
15.328830
15.325945
15.334361
15.331835
15.348100
15.379098
15.397324
15.384051
15.374323
15.367741
15.387148
15.416645
15.408750
15.393309
15.362190
15.310024
15.294554
15.294787
15.301026
15.334565
15.331713
15.337606
15.315076
15.299884
15.285093
15.293282
15.290621
15.288598
15.286581
15.287137
15.281820
15.257038
15.273891
15.279718
15.282289
15.279804
15.264287
15.276331
15.282847
15.290409
15.291117
15.319502
15.321848
15.332728
15.358581
15.358027
15.359833
15.360634
15.368439
15.373813
15.386808
15.405599
15.405136
15.408401
15.399899
15.392880
15.399378
15.406290
15.410236
15.468695
15.474157
15.475244
15.503903
15.509753
15.507138
15.505997
15.487546
15.484755
15.476472
15.454686
15.449439
15.453897
15.444652
15.451119
15.449047
15.476218
15.464144
15.456734
15.474480
15.491020
15.498598
15.485954
15.477386
15.461079
15.461451
15.443996
15.422770
15.419611
15.426748
15.427982
15.386185
15.380814
15.403650
15.408418
15.416488
15.430338
15.386853
15.383070
15.384713
15.372292
15.361644
15.354983
15.379062
15.383140
15.375403
15.371267
15.367487
15.389554
15.439015
15.441661
15.438388
15.420701
15.441052
15.455101
15.461312
15.464084
15.466802
15.466665
15.468201
15.485231
15.479908
15.485790
15.497484
15.477012
15.471669
15.479588
15.451089
15.476262
15.475641
15.476353
15.458551
15.455026
15.430328
15.413906
15.430059
15.440851
15.416895
15.412870
15.417112
15.422775
15.424602
15.435199
15.462737
15.479630
15.471389
15.481077
15.456307
15.452916
15.448705
15.448247
15.440722
15.440061
15.433543
15.457879
15.472884
15.471641
15.485894
15.483727
15.491723
15.502191
15.514523
15.494677
15.502067
15.512866
15.481693
15.507087
15.522841
15.522569
15.518635
15.540820
15.541265
15.536386
15.526460
15.551795
15.555679
15.543200
15.532088
15.533612
15.542078
15.553733
15.552766
15.543306
15.542575
15.538381
15.563829
15.559705
15.558157
15.553039
15.557120
15.545590
15.549736
15.529267
15.534784
15.567266
15.559886
15.567554
15.573381
15.579809
15.577821
15.576896
15.553827
15.558560
15.539726
15.544045
15.535079
15.541717
15.540653
15.535634
15.512931
15.482375
15.484132
15.482435
15.483451
15.476615
15.481371
15.493319
15.481125
15.480808
15.481452
15.479809
15.478421
15.478504
15.478977
15.469286
15.464686
15.447055
15.438757
15.423892
15.409200
15.417942
15.409165
15.421973
15.446577
15.448649
15.414803
15.418046
15.437915
15.448998
15.446704
15.464811
15.481039
15.478180
15.480522
15.456163
15.415415
15.414555
15.403333
15.387143
15.394449
15.415171
15.429015
15.427210
15.439831
15.412381
15.410919
15.421992
15.426420
15.406187
15.413221
15.405502
15.400558
15.409907
15.421154
15.414057
15.426874
15.428852
15.436982
15.444886
15.438467
15.420130
15.436031
15.424847
15.411040
15.414376
15.423776
15.428400
15.424183
15.423576
15.412166
15.413779
15.410646
15.424165
15.402481
15.424305
15.416229
15.425603
15.423033
15.412583
15.417987
15.435090
15.435033
15.435262
15.434255
15.429652
15.414339
15.397067
15.403067
15.432657
15.431674
15.441745
15.430951
15.456056
15.455244
15.452724
15.453791
15.447615
15.431425
15.432693
15.432000
15.430305
15.424896
15.440302
15.438147
15.408286
15.393285
15.393996
15.373433
15.381556
15.378155
15.380416
15.382425
15.380905
15.382446
15.409193
15.393067
15.392364
15.394792
15.403245
15.405458
15.358969
15.385507
15.394084
15.375944
15.356137
15.370991
15.338055
15.341780
15.329147
15.336303
15.329088
15.334826
15.316327
15.313031
15.319532
15.334733
15.341069
15.323241
15.322435
15.325771
15.324047
15.318099
15.319887
15.323931
15.330245
15.341994
15.336995
15.344935
15.321602
15.328449
15.374223
15.369601
15.370179
15.370316
15.372398
15.366560
15.397900
15.401078
15.401343
15.387904
15.373456
15.374996
15.392339
15.393742
15.396579
15.409029
15.411966
15.459123
15.507060
15.484827
15.509570
15.498579
15.501130
15.511649
15.513219
15.516701
15.510325
15.525618
15.520847
15.565200
15.531734
15.534101
15.536304
15.534528
15.536918
15.558319
15.576781
15.537763
15.538502
15.587141
15.594001
15.609253
15.617053
15.605503
15.598044
15.608721
15.598966
15.551940
15.545995
15.525813
15.531028
15.528056
15.543521
15.532839
15.521900
15.512350
15.531373
15.492859
15.452953
15.449609
15.491308
15.462186
15.464189
15.453227
15.477161
15.482851
15.494234
15.496544
15.528004
15.521011
15.514015
15.556749
15.564183
15.573624
15.585007
15.587186
15.617431
15.635040
15.638158
15.694114
15.694885
15.727725
15.742901
15.744251
15.765039
15.773800
15.782867
15.786382
15.786146
15.750946
15.762699
15.740711
15.721348
15.714344
15.705191
15.711820
15.714446
15.713642
15.723636
15.722517
15.734814
15.715860
15.729424
15.734852
15.749571
15.748629
15.760280
15.750656
15.768986
15.765938
15.787175
15.783257
15.777189
15.779996
15.792975
15.791397
15.799310
15.837500
15.842648
15.794001
15.786831
15.779791
15.781383
15.786933
15.783548
15.779209
15.770922
15.810262
15.804557
15.800330
15.820702
15.835352
15.827788
15.827277
15.838138
15.819545
15.805286
15.799072
15.801772
15.796661
15.794323
15.806691
15.799096
15.822566
15.773710
15.746569
15.718625
15.736092
15.729064
15.731045
15.746267
15.735852
15.728872
15.757065
15.755663
15.741710
15.705477
15.723946
15.721154
15.735633
15.770544
15.820185
15.819550
15.823168
15.808310
15.799953
15.798182
15.823161
15.823542
15.828366
15.846354
15.831836
15.826409
15.830259
15.830918
15.825519
15.824265
15.833454
15.858429
15.858846
15.866644
15.858888
15.884511
15.880227
15.879762
15.866215
15.861347
15.860286
15.847700
15.842730
15.840937
15.848436
15.867643
15.822178
15.845798
15.844475
15.850208
15.852928
15.868385
15.879172
15.863782
15.874692
15.872861
15.895697
15.870886
15.866641
15.878652
15.875579
15.871598
15.875802
15.874889
15.886141
15.891763
15.914353
15.920731
15.887615
15.914567
15.899374
15.905128
15.909545
15.907817
15.918368
15.908856
15.928615
15.936604
15.928148
15.930925
15.902934
15.887282
15.882925
15.896303
15.907441
15.902008
15.937315
15.919651
15.912741
15.903372
15.905727
15.894355
15.907987
15.892354
15.872416
15.877745
15.883761
15.877462
15.872129
15.874614
15.877857
15.878297
15.904213
15.911177
15.926382
15.936066
15.937219
15.925446
15.898502
15.925093
15.933325
15.924385
15.921077
15.920241
15.913142
15.929853
15.921835
15.920685
15.918805
15.929231
15.909319
15.921020
15.904553
15.914216
15.921796
15.919848
15.914819
15.919960
15.950716
15.970528
15.945921
15.950278
15.944827
15.937886
15.954056
15.943303
15.941168
15.948383
15.991389
15.994699
16.007960
16.008916
16.010660
16.010184
16.020305
16.042933
16.070243
16.066049
16.061182
16.045072
16.051751
16.043718
16.033062
16.006936
16.004833
16.009652
16.029475
16.029717
16.036171
16.034236
16.033496
16.039739
16.058220
16.089911
16.125474
16.081000
16.098971
16.100523
16.101662
16.106467
16.118621
16.100618
16.114625
16.106353
16.103882
16.104099
16.127015
16.125414
16.117570
16.128457
16.134316
16.158729
16.173152
16.171523
16.219291
16.228137
16.233201
16.216202
16.234829
16.251662
16.263517
16.266986
16.263238
16.223141
16.210292
16.202558
16.250044
16.247785
16.265983
16.260121
16.267107
16.274239
16.272038
16.247874
16.225819
16.213971
16.209651
16.201532
16.147964
16.162513
16.232213
16.206098
16.206229
16.209640
16.223265
16.227688
16.229761
16.235067
16.260320
16.252656
16.266799
16.254124
16.257081
16.252811
16.248974
16.251313
16.245819
16.258930
16.255058
16.255065
16.276717
16.257724
16.204427
16.170913
16.182841
16.186517
16.196344
16.170350
16.177241
16.148855
16.148356
16.171080
16.184598
16.164897
16.203567
16.200564
16.218833
16.225157
16.192445
16.182857
16.211747
16.208308
16.236641
16.225707
16.226921
16.257903
16.267281
16.255561
16.229666
16.207149
16.231560
16.213851
16.222760
16.213735
16.211618
16.212379
16.212184
16.200930
16.205679
16.206331
16.237499
16.202665
16.212548
16.235092
16.230724
16.214083
16.187828
16.169609
16.183185
16.211717
16.253364
16.247147
16.272812
16.301350
16.303552
16.305905
16.310132
16.289961
16.276566
16.281534
16.312630
16.343341
16.360926
16.366268
16.370368
16.331154
16.338225
16.363265
16.369450
16.367420
16.365781
16.352784
16.349261
16.346007
16.314340
16.307111
16.315514
16.306219
16.299077
16.281384
16.328130
16.323212
16.319577
16.312079
16.319615
16.309148
16.305655
16.308164
16.305295
16.307217
16.314488
16.345655
16.348895
16.376471
16.410227
16.427170
16.437099
16.434868
16.426011
16.423100
16.422472
16.381462
16.402985
16.392811
16.378130
16.386537
16.387587
16.397870
16.389665
16.395147
16.386900
16.399332
16.407087
16.408239
16.413597
16.409850
16.412431
16.399225
16.441629
16.448541
16.443251
16.380743
16.413225
16.395149
16.402087
16.414797
16.422010
16.414617
16.430084
16.472711
16.440319
16.417389
16.428426
16.426716
16.456898
16.450240
16.473739
16.500713
16.488299
16.466593
16.474043
16.480060
16.476990
16.466473
16.446924
16.468594
16.464222
16.489139
16.489550
16.471790
16.473643
16.473836
16.465710
16.466836
16.418300
16.433122
16.440468
16.438600
16.442766
16.451419
16.442897
16.412765
16.411960
16.383189
16.384938
16.394548
16.388612
16.420468
16.422292
16.408770
16.398310
16.398976
16.444108
16.410192
16.385039
16.383030
16.387756
16.383450
16.395715
16.380110
16.403712
16.411620
16.410063
16.377151
16.395025
16.392859
16.373501
16.368599
16.376080
16.346655
16.353351
16.346070
16.346257
16.350914
16.363122
16.381084
16.366484
16.321288
16.339769
16.314969
16.306002
16.305459
16.309885
16.301646
16.288193
16.282710
16.280626
16.271718
16.263798
16.257446
16.253553
16.283582
16.289819
16.276587
16.287455
16.289324
16.284814
16.293234
16.277311
16.264834
16.283262
16.208997
16.211021
16.219625
16.226390
16.205837
16.224394
16.203010
16.199525
16.204180
16.237561
16.200245
16.199346
16.207685
16.247559
16.244870
16.248552
16.281121
16.276519
16.268721
16.255557
16.265171
16.274243
16.278324
16.248354
16.253759
16.283592
16.280815
16.268714
16.261478
16.249434
16.243135
16.215448
16.215547
16.219415
16.215691
16.224114
16.224908
16.203546
16.207763
16.219312
16.208715
16.214682
16.193980
16.175655
16.185627
16.200782
16.247438
16.226914
16.197653
16.203135
16.187658
16.193179
16.186002
16.198329
16.190565
16.191293
16.155803
16.158573
16.144278
16.071905
16.059345
16.054120
16.048401
16.034214
16.028888
16.010737
16.020499
16.008259
15.986911
15.973331
15.957987
15.955410
15.954160
15.974112
15.946521
15.943447
15.954451
15.939654
15.936175
15.954430
15.952522
15.936766
15.926560
15.908835
15.922123
15.890483
15.901883
15.886719
15.923328
15.912655
15.900730
15.894211
15.896222
15.901166
15.897820
15.896139
15.907440
15.927282
15.917994
15.920798
15.910033
15.929995
15.917895
15.906715
15.915162
15.901311
15.888127
15.884500
15.891356
15.903119
15.925642
15.904265
15.903783
15.899890
15.899732
15.865065
15.891195
15.902307
15.886058
15.905480
15.854537
15.848053
15.853121
15.842288
15.838658
15.837006
15.835842
15.821521
15.818374
15.797603
15.791297
15.791335
15.798722
15.815738
15.805509
15.809342
15.813453
15.807726
15.809374
15.815732
15.835029
15.839951
15.836727
15.854620
15.838252
15.837419
15.807482
15.795014
15.780539
15.791277
15.785968
15.779254
15.788012
15.761235
15.774919
15.798119
15.853763
15.851429
15.878519
15.857537
15.871932
15.888656
15.921878
15.923784
15.930440
15.930485
15.934850
15.927362
15.922049
15.913713
15.917345
15.918317
15.907991
15.927941
15.928116
15.944935
15.934095
15.971347
15.978380
15.958748
15.939936
15.958750
15.958450
15.961397
15.992857
15.998604
15.939442
15.950345
15.945922
15.952729
15.971773
15.994149
15.977367
15.975887
15.978919
15.982033
15.985766
15.975409
15.985275
15.981735
15.999934
16.001654
16.013301
16.004214
16.002990
15.996758
15.972928
15.980041
15.966074
15.979662
15.971551
15.955214
15.968146
15.937105
15.899703
15.888335
15.879454
15.832095
15.837719
15.835045
15.849195
15.838445
15.870291
15.860633
15.859574
15.854244
15.852215
15.859220
15.852291
15.812916
15.827473
15.850481
15.870274
15.862644
15.881507
15.883026
15.862245
15.863089
15.862393
15.893766
15.892522
15.898422
15.858235
15.850281
15.822661
15.855351
15.866868
15.862265
15.870436
15.862118
15.860981
15.857163
15.865549
15.865053
15.860480
15.803934
15.777248
15.768241
15.786949
15.787656
15.814384
15.808426
15.806056
15.789290
15.767005
15.764166
15.761115
15.735265
15.729801
15.719276
15.719842
15.711640
15.741164
15.733162
15.740996
15.726916
15.743224
15.748794
15.727415
15.714875
15.717337
15.707347
15.701182
15.709004
15.703362
15.680635
15.692386
15.698720
15.702213
15.700593
15.701587
15.694697
15.702530
15.683148
15.684719
15.680562
15.673408
15.673997
15.634181
15.619669
15.621657
15.662743
15.633176
15.643033
15.634727
15.640885
15.628090
15.605928
15.583325
15.586967
15.592577
15.603857
15.569195
15.601061
15.601690
15.580715
15.578283
15.581255
15.530108
15.572571
15.604656
15.575142
15.607699
15.603042
15.608963
15.608081
15.585288
15.558550
15.561956
15.582296
15.582743
15.612778
15.585246
15.583124
15.602072
15.617260
15.621285
15.627583
15.631651
15.621867
15.617695
15.620727
15.614544
15.618310
15.639406
15.657061
15.663403
15.666382
15.659131
15.664893
15.666490
15.669526
15.651391
15.625803
15.636225
15.647283
15.646855
15.654268
15.647307
15.640635
15.645616
15.653550
15.654400
15.642827
15.637548
15.643332
15.652642
15.636294
15.645020
15.626937
15.589346
15.568288
15.575910
15.576025
15.574448
15.538108
15.526704
15.534971
15.525634
15.538041
15.549236
15.545857
15.548602
15.559708
15.556330
15.567147
15.563327
15.559805
15.550908
15.540242
15.539215
15.531938
15.533067
15.505461
15.464355
15.460756
15.452287
15.454832
15.456966
15.486756
15.472752
15.482600
15.497009
15.517408
15.530883
15.537540
15.542068
15.544970
15.522715
15.535532
15.510129
15.494445
15.492990
15.494931
15.503518
15.508560
15.456532
15.467699
15.469028
15.492919
15.488445
15.491014
15.490819
15.489658
15.489786
15.492634
15.502986
15.513625
15.532753
15.532825
15.557870
15.540330
15.546839
15.564794
15.572681
15.567474
15.565413
15.583140
15.584306
15.584227
15.594064
15.579969
15.577655
15.617537
15.609252
15.630333
15.636034
15.641847
15.611106
15.619212
15.623315
15.627823
15.619900
15.619890
15.618101
15.627147
15.653987
15.658945
15.661856
15.687888
15.684366
15.710428
15.713969
15.715263
15.709338
15.709962
15.689610
15.688529
15.711852
15.691358
15.667615
15.672277
15.681916
15.656834
15.638037
15.628856
15.648060
15.662405
15.647892
15.652467
15.652248
15.661109
15.641694
15.614355
15.607048
15.602057
15.625264
15.649511
15.635778
15.636113
15.643609
15.640736
15.676659
15.710208
15.717501
15.719350
15.690375
15.692201
15.691429
15.701467
15.716244
15.716779
15.699708
15.679515
15.698782
15.693431
15.704606
15.719432
15.715205
15.704119
15.697247
15.694446
15.687047
15.666643
15.661555
15.650863
15.661189
15.648644
15.667908
15.670584
15.668362
15.684228
15.696408
15.665297
15.665193
15.666012
15.714414
15.715331
15.710222
15.714897
15.708213
15.705638
15.703975
15.711917
15.708095
15.708622
15.715967
15.725204
15.736134
15.739285
15.740749
15.729450
15.731872
15.717446
15.708328
15.677278
15.675578
15.682401
15.674429
15.676201
15.678278
15.676706
15.659227
15.676210
15.680349
15.681505
15.670082
15.670406
15.634789
15.631198
15.648431
15.637729
15.646019
15.654818
15.651146
15.605482
15.611615
15.605498
15.596077
15.595588
15.594123
15.599906
15.600676
15.601706
15.566638
15.571885
15.614966
15.602951
15.613511
15.615636
15.594826
15.597126
15.614114
15.625953
15.613469
15.613729
15.572453
15.580551
15.544957
15.494782
15.483688
15.482161
15.474598
15.478043
15.470387
15.468116
15.469909
15.490866
15.492524
15.492430
15.518808
15.527010
15.510778
15.500296
15.511999
15.522164
15.504367
15.515410
15.524594
15.528831
15.508000
15.527243
15.515596
15.503418
15.489698
15.455184
15.469187
15.467597
15.467347
15.441261
15.436848
15.430449
15.425708
15.437683
15.406019
15.408887
15.386282
15.383714
15.385775
15.384945
15.391716
15.395071
15.393983
15.402968
15.408128
15.415913
15.403598
15.386699
15.400538
15.375458
15.406030
15.398105
15.390421
15.398413
15.411081
15.409855
15.411817
15.427762
15.428680
15.404657
15.422248
15.425625
15.427090
15.413280
15.413665
15.404750
15.411937
15.406525
15.405355
15.409960
15.408181
15.386637
15.405225
15.410220
15.401881
15.409788
15.401097
15.417137
15.422411
15.415925
15.415806
15.404006
15.414555
15.413761
15.428294
15.433399
15.448864
15.450669
15.487733
15.493720
15.472759
15.483320
15.478557
15.475652
15.466931
15.465659
15.461658
15.469810
15.463417
15.456344
15.450360
15.458628
15.450862
15.432206
15.419529
15.405392
15.408736
15.391287
15.387347
15.382464
15.383709
15.369281
15.340741
15.342130
15.347246
15.347396
15.343499
15.328679
15.328123
15.325742
15.322366
15.354422
15.359250
15.348790
15.336099
15.334964
15.331649
15.342944
15.348133
15.340602
15.337350
15.346116
15.349343
15.351253
15.354563
15.360564
15.400261
15.411459
15.412521
15.366451
15.377656
15.369806
15.384966
15.376956
15.382353
15.383442
15.403401
15.381529
15.386021
15.395470
15.386647
15.394781
15.370329
15.365701
15.352992
15.368251
15.375727
15.381373
15.378692
15.388522
15.400167
15.397092
15.397748
15.385009
15.383848
15.400301
15.411847
15.396569
15.357425
15.356623
15.371094
15.372177
15.413347
15.428745
15.434005
15.425599
15.423749
15.423583
15.422887
15.415275
15.401295
15.396586
15.384838
15.359389
15.351055
15.356157
15.362036
15.353210
15.363299
15.372953
15.381859
15.373445
15.361751
15.353180
15.356977
15.361657
15.378591
15.373490
15.365623
15.392572
15.395043
15.404133
15.403121
15.399386
15.377114
15.417899
15.409478
15.403475
15.398069
15.406418
15.433813
15.435036
15.426955
15.430776
15.439792
15.415298
15.430807
15.427853
15.427598
15.425893
15.422954
15.431089
15.423187
15.428353
15.419479
15.442586
15.450628
15.445787
15.433032
15.456137
15.456769
15.455673
15.466758
15.466883
15.486773
15.482671
15.494357
15.524599
15.531644
15.543044
15.540472
15.555428
15.532607
15.524266
15.528357
15.526407
15.537543
15.547599
15.556953
15.555994
15.541118
15.537789
15.523204
15.526507
15.523049
15.520155
15.538822
15.501585
15.523089
15.509774
15.497209
15.510271
15.500515
15.489942
15.494520
15.523782
15.510243
15.469085
15.481382
15.456450
15.480238
15.497577
15.516008
15.500993
15.495946
15.508503
15.496918
15.487249
15.498009
15.459754
15.470600
15.461735
15.459240
15.455643
15.474770
15.464421
15.460556
15.456191
15.445721
15.436253
15.455874
15.451861
15.456037
15.449824
15.464786
15.469362
15.483394
15.508042
15.514646
15.520997
15.514987
15.535253
15.499742
15.501245
15.499336
15.521257
15.519963
15.519514
15.519845
15.508348
15.508185
15.510823
15.499940
15.505015
15.477875
15.486618
15.487617
15.499794
15.495356
15.483524
15.474797
15.480756
15.493678
15.504335
15.495762
15.501552
15.493569
15.493222
15.511788
15.511584
15.514156
15.523646
15.516880
15.508667
15.506350
15.494413
15.495275
15.518653
15.510356
15.520193
15.519729
15.526915
15.521241
15.516154
15.505427
15.480617
15.469712
15.490729
15.480075
15.471448
15.458752
15.467823
15.476251
15.438816
15.422033
15.417244
15.416392
15.409512
15.426056
15.426332
15.412993
15.420735
15.429617
15.447973
15.469181
15.473222
15.475840
15.448873
15.424620
15.433894
15.438479
15.447522
15.449996
15.452020
15.479411
15.454305
15.434255
15.434041
15.442181
15.450106
15.444703
15.403351
15.396791
15.384969
15.390696
15.392542
15.400368
15.383751
15.389519
15.390921
