15.477407
15.650590
15.702931
15.512114
15.727218
15.901881
15.879820
15.967615
15.808586
15.689164
15.475229
15.435944
15.422370
15.415250
15.316506
15.651981
15.563768
15.581762
15.610079
15.627860
15.614480
15.645431
15.763264
15.756262
15.864401
15.872676
15.643647
15.932653
15.984487
15.600371
15.579092
15.625360
15.605772
15.561378
15.472643
15.453118
15.488836
15.751161
15.847223
15.805035
15.873868
16.000378
15.919463
15.808566
15.785992
15.431892
15.385497
15.212888
15.066447
15.089202
15.109045
14.941198
15.088052
15.081637
15.179373
15.055747
15.211034
15.308875
15.473467
15.369799
15.398980
15.450357
15.511853
15.627973
15.602215
15.486665
15.534131
15.486376
15.236890
15.045650
15.019538
14.963767
14.552602
14.396320
14.423164
14.367592
14.380807
14.503435
14.539183
14.560819
14.628026
14.628026
14.812521
15.093677
14.935499
14.889730
14.910130
15.075522
15.072132
15.185123
15.304456
15.290527
15.327729
15.294647
15.505091
15.335913
15.283008
15.505128
15.369858
15.339665
15.506878
15.358730
15.654682
15.982161
15.986219
16.031833
16.067925
15.951287
16.016880
15.358562
15.486081
15.635210
15.638131
15.640616
15.685840
15.680944
15.780575
15.800157
15.713106
15.660190
15.736404
15.556278
15.949721
16.071543
16.071733
16.276396
16.170244
16.107605
15.996376
15.892673
15.746101
15.726165
15.706826
15.846383
15.741393
15.801384
15.738423
15.747849
15.648351
15.760997
15.723718
15.665281
16.017861
16.042680
16.092133
16.274446
16.426139
16.549728
16.444805
16.652923
16.591192
16.343005
16.365422
16.299000
16.372442
16.444150
16.298328
16.488860
16.410618
16.567830
16.858557
16.640943
16.615060
16.615636
16.128008
15.667659
15.667659
15.732189
15.184440
15.336073
15.388114
15.664484
15.632806
15.484949
15.413641
15.387069
15.261123
15.450026
15.589697
15.368215
15.416702
15.551402
15.658119
16.053728
15.958227
16.114008
16.256228
16.368205
16.313448
16.413795
16.451270
16.461497
16.639798
16.386804
16.568451
16.903547
16.604204
16.531664
16.304902
16.494267
15.954862
15.827639
15.921734
15.815653
16.072822
16.072822
15.880723
15.833644
15.468969
15.223523
15.134374
15.139322
15.357867
15.357867
15.356826
15.248100
15.313676
15.255238
15.151586
15.187077
15.189371
15.363394
15.522212
15.478118
15.377150
15.292909
15.291996
14.964448
15.026612
15.025562
15.072966
15.114037
15.200209
15.176416
15.291473
15.329706
15.290141
15.157286
15.299871
15.496998
15.359709
15.386198
15.339878
15.268371
15.232551
15.095940
15.150547
15.508094
15.739110
15.684016
15.198120
15.337223
15.494595
15.495137
15.596450
15.620959
15.227170
15.455141
15.491707
15.557620
15.642045
15.542532
15.766059
15.900084
15.820885
15.959236
15.907854
15.867492
15.814146
15.786131
15.855055
16.054563
16.121907
16.075389
16.376153
16.263899
16.399610
16.296271
16.127582
15.766969
15.831765
15.947293
16.036884
16.474490
16.654406
16.319356
16.395940
16.558123
16.617217
17.098133
17.251773
17.212063
17.233013
17.008291
17.001982
16.916689
16.940916
16.959532
16.923609
16.846321
17.005709
16.742678
16.802242
16.932197
16.791287
16.640134
16.503009
16.453439
16.367255
16.549287
16.342492
15.988387
15.900314
15.971172
15.642920
15.588622
15.573815
15.444253
15.644071
15.570744
15.650636
15.586390
15.368534
15.240666
15.258461
15.237636
15.287438
15.525697
15.366183
15.062391
14.832732
14.909172
14.884904
14.920814
14.935957
14.841247
14.799753
14.733675
14.886880
15.025824
14.828442
14.937548
15.063188
15.639096
15.768969
15.739390
15.885555
15.833690
15.812382
15.721696
15.679880
15.609977
15.640461
15.468843
15.885189
15.741841
15.976923
15.847342
15.891171
15.854203
16.040006
16.247104
15.947324
15.910450
15.826908
16.038151
15.829006
15.826480
16.045826
15.760634
16.029552
16.079474
16.137957
16.350960
16.586182
16.527851
16.600860
16.626140
16.686850
16.672130
16.527864
16.460899
16.477307
16.489925
16.475428
16.451512
16.614554
16.742441
16.769838
17.049574
17.347624
17.499629
17.105436
17.187140
17.094718
17.130699
17.072277
16.944708
16.820903
16.826912
16.893774
16.840865
16.458227
16.070123
16.045737
16.221648
16.397362
16.206623
16.209923
15.732822
15.774177
15.717069
15.328726
15.502094
15.466065
15.487941
15.330418
15.350990
15.246279
15.237821
15.144962
15.226428
15.154490
15.144884
15.272522
15.237981
15.299569
15.399042
15.614408
15.587267
15.814916
15.803462
15.621449
15.661061
15.659798
15.795438
15.680678
15.593493
15.723319
15.795811
15.801253
15.804554
15.807281
15.688603
15.568617
15.575254
15.657889
15.657304
15.747205
15.640398
15.787404
15.772281
15.712292
15.736687
15.861399
15.851528
15.876792
16.088571
15.866688
16.038819
15.942863
15.984966
15.774928
15.745833
15.711514
15.897840
15.714240
15.656141
15.818231
15.937175
15.938002
15.843828
15.725311
15.885674
15.997448
16.001913
15.963722
15.812687
15.695624
15.701411
15.971349
15.952999
15.850796
15.761548
15.698139
15.548984
15.465637
15.449960
15.427554
15.462875
15.332594
15.351165
15.228624
15.136493
15.183813
15.266094
15.384663
15.501961
15.365932
15.308596
15.659360
15.596342
15.541387
15.615770
15.483071
15.444418
15.563969
15.631788
15.513370
15.153941
15.161318
15.148290
14.991635
14.960273
14.821881
14.783821
14.939835
14.807928
14.789540
14.793616
14.885913
15.185469
14.941192
14.907328
14.851734
14.865877
15.078882
15.078882
15.409234
15.491379
15.421736
15.484272
15.515824
15.606389
15.553650
15.654101
15.560542
15.798730
15.846829
16.031468
16.001270
16.221293
16.401112
16.328315
16.245780
16.359558
16.187663
16.150178
16.238398
16.111437
16.093797
16.184021
15.969097
15.918575
15.899574
15.901829
15.886506
15.906068
15.699325
15.926179
15.708030
15.744882
15.740426
16.204871
16.312271
16.843926
16.568477
16.625203
16.074707
16.041473
16.054822
15.986477
16.009536
16.129804
16.385989
16.177938
16.266587
16.433196
16.460716
16.432472
16.028718
16.049034
15.920922
16.004370
16.072083
16.098905
16.052914
15.822044
15.607098
15.664286
15.776249
15.840644
15.696117
15.861481
15.697680
15.490159
15.292469
15.213311
15.554712
15.504270
15.467361
15.109176
14.914428
14.673662
14.810711
14.703823
14.888115
14.889810
15.039349
15.036727
15.036960
14.801237
14.682566
14.695457
14.472328
14.470452
14.539854
14.699640
14.533899
14.528035
14.499399
14.422806
14.458452
14.375636
14.419722
14.600037
14.618055
14.672892
14.649363
14.834925
14.925969
15.113117
15.117901
15.222849
15.096380
15.294830
15.440375
15.420419
15.534250
15.580272
15.466416
15.487132
15.199388
15.287771
15.217792
15.240679
15.252370
15.360195
15.128948
15.165286
15.053337
15.110075
14.891587
15.198299
15.092125
14.997011
14.692147
14.660661
14.664858
14.743593
14.761057
14.669459
14.657149
14.579239
14.501737
14.460946
14.690529
14.570457
14.513793
14.486643
14.521618
14.467374
14.442488
14.529803
14.516656
14.305927
14.264832
14.252376
14.116195
14.415612
14.335292
14.367964
14.419535
14.645468
14.678313
14.756133
14.817988
15.169798
15.255365
15.393109
15.425546
15.540733
15.608585
15.642692
15.593897
15.761800
15.609713
15.654091
15.642343
15.700726
15.532178
15.471283
15.626351
15.639478
15.395050
15.472413
15.456449
15.480420
15.510537
15.669844
15.666898
15.666898
15.732715
15.760218
15.590992
15.509129
15.719091
15.931033
16.055821
16.027691
15.815313
15.524102
15.827880
15.839861
15.618903
15.435948
15.366488
15.235301
15.256585
15.592114
15.456861
15.456861
15.589160
15.822434
15.685492
15.583529
15.424123
15.470037
15.521718
15.536124
15.602618
15.981591
16.040639
15.977033
16.110225
16.274592
16.158740
16.073506
15.985583
15.988053
16.199248
16.042274
15.923656
15.758927
16.106801
15.824443
15.683099
15.611840
15.642598
15.454085
15.325183
15.381154
15.451615
15.497812
15.569536
15.679722
15.785325
15.790068
15.943523
16.026662
15.967412
16.011810
15.967966
15.938826
16.193026
16.493313
16.384237
16.151833
16.232726
16.218846
16.040808
15.972130
15.686612
15.664156
15.487527
15.503106
15.281865
14.667708
14.733518
14.708546
14.691867
14.541659
14.456842
14.418439
14.501959
14.398458
14.384048
14.312282
14.249109
14.237305
14.260676
14.314316
14.153456
14.549758
14.444193
14.558669
14.606434
14.388524
14.470988
14.099057
14.054882
14.052995
14.095234
14.108680
14.047687
13.872185
13.872185
13.663160
13.672129
13.681691
13.638908
13.613471
13.823848
13.777557
13.760152
13.815607
13.624769
13.683839
13.948296
13.856078
13.917910
13.935515
13.943210
13.855435
13.835112
13.806902
13.819481
13.967995
13.846809
13.945410
14.047851
13.900392
13.895942
14.151962
14.175860
14.402812
14.214872
13.995196
13.891073
13.895933
13.781677
13.800824
13.962662
13.980703
13.993727
14.017037
14.212229
14.221652
14.333423
14.380974
14.729507
14.755532
14.959403
14.846749
15.167545
14.888755
14.798770
14.880634
14.917894
15.127679
15.152881
14.931110
15.032689
15.150691
15.481252
15.200271
15.171914
15.179499
15.256698
15.325690
15.164930
15.136715
15.230438
15.398906
15.177863
15.200343
15.435652
15.473207
15.648976
15.694798
15.532151
15.537833
15.221313
14.875429
14.871405
14.717274
14.523864
14.351131
14.510162
14.699999
14.584005
14.627097
14.458099
14.462019
14.528063
14.505045
14.526656
14.535108
14.450010
14.428325
14.313433
14.219866
14.499399
14.660688
14.943122
14.959434
14.754108
14.784992
14.390514
14.358434
14.356728
14.313063
14.325351
14.388948
14.426991
14.295550
14.357318
14.273249
14.173102
13.936543
14.115505
14.071364
13.941263
14.020804
14.074784
14.137630
14.089756
14.340175
14.244239
14.333747
14.256074
14.296615
14.449417
14.541382
14.652520
14.747690
14.854936
14.912261
14.778763
14.742581
14.734115
14.692761
14.692761
14.570508
14.552169
14.527714
14.588324
14.756909
14.857238
14.901949
14.959377
15.123419
15.339796
15.346447
15.246218
15.356558
15.364775
15.319454
15.281545
15.152850
15.432516
15.633936
15.570162
15.600956
15.936071
15.822594
15.731317
15.764053
15.790285
15.752049
15.792999
15.717869
15.777627
15.765915
15.902539
15.930839
15.941558
16.067891
15.913741
16.044930
15.958008
15.925291
15.831038
15.815932
15.795138
15.773082
15.636697
15.660267
15.354658
15.399853
15.048817
15.026064
14.865549
14.784361
14.775915
14.750245
14.531383
14.585257
14.606262
14.697681
14.826827
14.652699
14.432903
14.630139
14.624342
14.694579
14.681883
14.613512
14.749662
14.685475
14.582473
14.361910
14.216249
14.110050
14.193952
14.101787
14.085170
14.251357
14.157312
14.243208
14.081904
14.050644
13.985987
13.769568
13.840888
13.883903
13.990945
13.819188
13.811509
13.746611
13.939592
13.809903
14.138079
14.386842
14.356077
14.312551
14.311247
14.013339
14.066879
14.068002
13.981492
14.063507
14.245313
14.359286
14.314270
14.604048
14.633374
14.477090
14.612049
14.448845
14.943184
15.073530
15.137210
15.030414
15.111811
15.106162
15.341709
15.205199
15.274172
15.164349
15.148010
15.185708
14.878683
14.954721
14.912234
14.834105
14.901121
14.971032
14.925328
14.992502
15.037818
14.812170
14.965571
14.965571
15.310362
15.320478
15.575937
15.525756
15.419009
15.379784
15.281983
15.290461
15.226036
15.197357
15.146623
15.146623
15.043674
15.173124
15.190559
15.206440
15.314248
15.259307
15.252212
15.258830
15.014837
14.708573
14.742066
14.695167
14.659879
14.945639
14.954124
14.879899
15.048425
15.061828
15.269172
15.234885
15.075250
15.026549
14.856228
14.801575
14.799033
14.623994
14.673087
14.857482
14.931759
15.368981
15.287967
14.566549
14.388533
14.249765
14.313418
14.467747
14.524133
14.629415
14.527360
14.466464
14.365841
14.443304
14.622830
14.705097
14.651336
14.668153
14.796870
14.740123
14.882700
14.963556
15.169645
15.189329
15.317410
15.156343
15.245768
15.495842
15.501339
15.253685
15.373812
15.219772
15.186092
15.043533
14.904388
14.598621
14.480565
14.549067
14.537643
14.275251
14.144133
14.194649
14.215376
14.267052
14.054226
14.031150
14.014395
13.935284
14.172705
14.276766
14.311398
14.232734
14.178653
14.263349
14.278613
14.100514
14.188798
14.108347
14.171576
14.249343
14.191934
14.150620
14.156415
14.043851
14.321234
14.360659
14.344064
14.335921
14.410107
14.319007
14.337673
14.356504
14.228619
14.208771
14.297500
14.414067
14.615380
14.453767
14.467789
14.384100
14.543372
14.449327
14.359607
14.399713
14.385228
14.391644
14.766181
14.816872
14.888461
15.043624
15.105212
14.862866
14.940485
15.208539
15.152609
15.088733
15.100116
15.128614
14.967845
15.007191
15.031297
15.021217
14.939530
15.117517
15.184128
15.162728
14.981297
14.818335
14.773261
14.744669
14.767703
15.047498
14.862928
15.374693
15.466342
15.251876
15.053818
15.113458
14.881452
14.816126
14.836702
14.939563
14.921038
14.986737
15.065699
15.159804
15.504826
15.559747
15.594262
15.400567
15.331328
15.077878
14.906657
14.937359
14.940481
15.096435
15.084923
15.143511
15.119910
15.200281
15.181603
15.305065
15.338422
15.385975
15.336956
15.265645
14.902912
14.935113
14.929643
15.086108
14.989936
14.968143
14.944503
14.814732
14.643237
14.672671
14.701118
14.809430
14.870651
14.947011
15.027445
14.978122
14.926356
14.990564
15.057484
14.915031
14.859593
14.919309
14.930800
14.928952
15.200392
15.146081
15.164489
15.091543
15.078214
15.078214
15.321491
15.597929
15.494942
15.502545
15.580304
15.393204
15.361718
15.397188
15.301069
15.198611
15.166326
15.415214
15.453759
15.445349
15.466952
15.365835
15.403442
15.353826
15.032993
15.086219
15.400613
15.471945
15.458490
15.519890
15.506856
15.487319
15.376169
15.310750
14.969892
14.931696
15.021133
15.032087
15.137854
15.137854
14.873404
14.936443
15.096787
15.048462
15.061760
15.206558
15.344686
15.321922
15.357084
15.546024
16.150144
16.291090
15.528193
15.721774
15.470642
15.549063
15.614216
15.682648
15.719585
15.937700
16.155142
16.041123
16.259905
16.326669
16.432700
16.239248
16.325672
16.245999
16.139271
16.115804
16.614577
16.322377
16.234785
16.242075
16.236110
16.275405
16.068225
16.442964
16.389074
16.424749
16.541198
16.439333
16.514779
16.692805
16.799784
16.791226
16.534210
16.390231
16.416555
16.268998
16.371359
16.388043
15.940712
16.037846
15.762414
15.709514
15.858706
15.753854
16.018576
15.970073
16.125600
16.407545
16.415076
16.354240
16.321480
16.233308
16.239552
16.192792
16.024912
16.138529
15.932879
15.983589
16.284988
16.586902
16.517530
16.391201
16.206200
15.881295
15.833659
15.801893
16.092147
15.845589
16.067377
16.093200
16.135427
16.345911
15.947732
15.884785
16.179868
15.883305
15.977082
15.862067
15.975844
15.996735
15.939598
15.922675
15.884409
15.657595
15.723998
15.588073
15.575967
15.704000
15.777157
15.510456
15.418997
15.806492
16.134594
16.215098
16.109610
16.410013
17.112697
16.894357
16.897250
16.900427
16.816663
16.624757
16.565553
16.572936
16.454837
16.540997
16.518064
16.491301
16.619803
16.788858
16.817974
16.737584
16.442756
16.542668
16.837072
16.805501
16.286542
15.964571
15.909593
15.801225
16.205455
16.234017
16.214636
16.454480
16.720209
16.945405
16.987427
17.068989
16.847106
16.848044
16.985060
16.977751
16.794707
16.907956
17.271073
17.246431
17.251736
17.533078
17.420298
17.499587
17.458812
17.091593
16.925872
16.830641
16.764533
17.376409
17.359779
17.361241
17.221683
17.428394
17.711096
17.980528
17.704073
17.869162
17.965735
17.114843
17.079000
16.682653
16.767188
16.625378
16.892319
16.783944
16.777405
17.073597
17.104965
17.152065
16.854221
16.655260
16.671830
16.652263
16.697727
16.458849
16.732310
16.798536
17.064941
17.039251
16.788019
16.843696
16.935752
16.895911
16.795787
16.630878
16.636592
16.533270
16.644096
16.716184
16.760472
16.702060
16.474487
16.453369
16.323883
16.396616
16.245066
16.587590
16.473357
16.517658
16.538621
16.633976
16.539949
16.756210
17.045743
17.111031
17.236554
17.154416
17.228832
17.647549
17.512976
17.526962
17.694583
17.586317
17.823947
17.954479
18.058270
18.299434
18.331399
18.034983
18.038112
17.931910
17.852558
17.768989
17.864539
17.823333
17.726440
17.721208
17.504801
17.204365
17.246346
17.438283
17.428967
17.870573
17.681256
17.715448
17.701006
17.682118
17.475757
17.400049
16.785264
17.033886
17.209399
17.197701
17.112907
17.059786
17.116764
16.843480
16.792007
16.763927
17.168926
16.992172
16.797498
16.565148
16.596067
16.269387
16.295553
16.301079
16.511422
16.597607
16.490027
16.396843
16.706877
16.797513
16.688608
16.617121
16.616751
16.521963
16.706020
16.691466
16.526510
16.637661
16.743269
16.646578
16.442839
16.355772
16.058893
16.145922
16.655973
16.758176
16.794017
16.763225
16.573148
16.699528
16.745766
16.834439
16.748006
16.489888
16.525298
16.246948
16.191077
16.423789
16.625267
16.701926
16.492547
16.539539
16.539168
16.630427
16.511298
17.115963
17.259514
17.078123
17.112979
16.802224
16.728835
16.802632
16.287042
16.287697
16.464390
16.225673
16.272899
16.229802
16.286610
16.784321
16.646695
16.791878
17.296204
17.028384
17.238079
17.214536
17.221666
17.310576
17.296437
17.303391
17.512693
17.862269
17.989502
18.082045
18.357513
18.361804
18.271103
18.425925
18.255595
18.260396
18.558650
18.414228
18.570328
18.594375
18.516859
18.533126
18.792408
18.782255
18.634890
18.800305
18.930205
19.044285
19.161277
19.154229
18.533544
18.333507
18.507158
18.357671
18.212507
18.291833
18.578271
18.611652
18.480949
18.480949
18.438832
18.064926
18.278799
18.181898
18.093003
18.199187
17.883603
17.920918
17.813303
17.859002
17.851940
17.892354
18.367647
18.174116
18.302236
18.078974
18.025190
17.485333
17.611974
17.598087
17.515452
17.607000
17.644228
17.442062
17.448062
16.871410
17.046779
16.997511
16.968949
17.030278
16.968710
17.000848
16.888125
17.016710
17.593561
17.428004
16.964346
16.943550
16.818965
16.709075
16.812441
16.677776
16.613736
16.322060
16.315339
16.154405
16.208890
16.186237
16.196400
15.849318
15.807141
15.861996
15.837811
15.930219
15.275276
15.251860
15.096805
15.017886
15.202136
15.536301
15.666507
15.856886
15.877292
15.840940
16.159709
16.745021
16.321158
15.672922
15.307302
15.308317
15.456207
15.468070
15.550589
15.584974
15.374830
15.305027
14.982124
15.009097
14.990953
15.033367
14.923873
14.860987
14.945784
14.846380
15.145076
15.117963
15.079060
15.011676
14.958639
14.959046
14.993352
14.887499
15.082047
14.852382
14.920793
14.845796
14.672106
14.664539
14.579343
14.461663
14.321337
14.326260
14.375863
14.416157
14.390550
14.252954
14.200142
14.084978
14.070777
14.035405
13.940482
14.054142
14.190981
14.135350
13.890366
13.890366
13.990016
13.966065
14.286489
14.256641
14.290732
14.231711
14.262634
14.272464
14.311917
14.329959
14.582849
14.503830
14.448451
14.595772
14.725388
14.627078
14.825667
14.928515
14.923765
14.772372
14.741615
14.695708
14.735693
14.890349
14.891132
14.889708
14.939653
14.968883
15.099160
15.130423
14.986511
15.032821
15.067491
15.194260
14.909220
15.043421
15.010648
14.939433
14.995920
14.964472
14.971725
15.078636
15.115919
15.098331
15.126079
15.275142
15.429451
15.316798
15.315987
15.161438
15.133730
15.262298
15.383985
15.399909
15.346223
15.269356
15.376280
15.359848
15.386456
15.244232
15.273268
15.341622
15.251655
15.063321
14.986267
15.036001
15.047102
15.122840
15.112778
15.124005
15.135751
15.199128
15.158157
15.122954
15.063782
14.855589
14.768121
14.932249
14.952021
14.971407
14.777072
15.342418
15.435518
15.372049
15.391494
15.335160
15.522625
15.595276
15.585948
15.533460
15.408056
15.451552
15.500717
15.563686
15.631429
15.634468
15.665654
15.617433
15.275471
15.377116
15.374792
15.452653
15.561303
15.884299
15.897519
15.962674
16.045723
16.055240
16.183816
15.972034
16.087375
16.230438
16.313370
16.122034
15.813429
15.890944
15.700230
15.635321
15.530486
15.429834
15.384701
15.188035
15.277169
15.340989
15.605021
15.582289
15.439817
15.486198
15.222624
15.219284
15.111934
15.087894
15.077892
15.044803
15.073044
15.112258
15.118499
14.952336
15.205064
15.168972
15.112677
14.784233
14.779408
14.657243
14.707263
14.661234
14.741004
14.709119
14.611608
14.634010
14.560596
14.494033
14.420527
14.347023
14.734473
14.693568
14.957546
14.903474
14.899612
14.820938
14.807878
14.801253
14.792283
14.591785
14.609806
14.557021
14.561944
14.573033
14.609718
14.654542
14.697389
14.667044
14.867514
14.910604
14.690978
14.664256
14.666793
14.716991
14.913811
14.752470
14.678239
14.807067
14.672409
14.785390
14.680969
14.699259
14.706143
14.938141
14.963908
14.957073
14.888437
14.883408
14.919366
14.860355
14.890725
15.123202
15.162133
15.116626
14.989940
14.817880
14.613460
14.663608
14.642680
14.674063
14.814868
14.491368
14.453380
14.453380
14.568692
14.588372
14.600478
14.546241
14.613079
14.725604
14.859910
14.798122
14.867257
14.845548
14.875776
14.899741
14.995880
14.916911
15.067181
15.019068
14.928300
15.087508
15.043064
15.000872
14.943785
14.912065
14.900912
15.150639
15.120984
15.140124
15.204892
15.231238
15.198208
14.972574
14.983093
15.293369
15.251145
15.295230
15.650679
15.649059
15.474384
15.391907
15.276159
15.133153
15.454537
15.600413
15.516209
15.420435
15.230201
15.315962
15.494925
15.235577
15.355970
15.391182
15.305650
15.199152
15.025729
15.215767
15.194184
15.243643
15.251902
15.139897
14.982120
14.806846
14.879119
14.906038
14.949325
14.948151
14.947859
14.939155
15.406352
15.375207
15.495452
15.636778
15.489441
15.392484
15.203211
15.277385
15.368070
15.336749
15.146521
15.230063
15.242725
15.238106
15.268419
15.374087
15.729478
15.942401
16.126188
16.433622
16.440704
16.481687
16.199495
16.182952
15.908872
15.863756
15.869377
15.634851
15.607099
15.713142
15.417322
15.252694
14.975526
14.939029
14.860779
14.618787
14.651520
14.804788
14.834483
14.894628
14.893830
14.874746
14.872240
14.733605
14.703754
14.821567
14.763343
14.809450
14.551964
14.605679
14.595625
14.518220
14.527576
14.605967
14.741028
14.425867
14.381418
14.478314
14.465356
14.573047
14.209941
14.311288
14.716408
14.806073
14.881926
14.857862
14.927670
15.096707
14.973327
14.970475
15.014256
15.153132
15.014041
14.855263
14.755240
14.846821
14.835440
14.927449
14.768627
14.985053
15.007610
15.254363
15.291307
15.282547
15.242215
15.114120
15.010754
15.043882
14.912240
14.757684
14.772129
14.854592
14.623882
14.605896
14.661780
15.109745
15.056645
15.046368
15.383481
15.405043
15.400267
15.193088
15.164221
15.035266
14.963135
15.114123
15.160250
15.251587
15.199095
15.114198
15.114280
15.297271
15.402946
15.369165
15.377601
15.185873
14.923435
14.841358
14.719410
14.722783
14.906045
14.892631
14.860774
14.866840
14.807302
14.831997
14.814841
14.854457
14.778122
14.614590
14.855238
14.481690
14.548532
14.604995
14.762001
14.603591
14.593439
14.673255
14.745441
14.681771
14.626320
15.043596
14.902171
15.042731
15.016991
14.988046
15.106212
14.885967
14.945931
14.916709
14.975452
15.126656
15.246602
15.210087
15.220401
15.022651
14.822336
14.781182
14.919746
14.824382
14.780002
15.047152
15.139532
15.003016
15.005983
15.030391
14.908321
14.970262
15.012245
14.977455
14.674652
14.761534
14.612908
14.508520
14.759784
14.776130
14.762078
15.001148
15.180269
15.157056
15.281258
15.514362
15.405235
15.498292
15.499017
15.297314
15.266159
15.205746
15.259224
15.634898
15.497989
15.754234
15.732124
15.905459
15.732398
15.498829
15.372970
15.480591
15.349107
15.371978
15.584428
15.515117
15.578581
15.721595
15.674091
15.730492
15.694181
15.847839
15.545478
15.392876
15.307685
15.389853
15.568334
15.618874
15.693622
15.953926
15.831568
16.031339
16.396275
16.664050
16.463921
16.665233
16.769173
16.769173
16.732602
16.837752
16.783037
16.764568
16.746590
16.700316
16.670659
16.678411
16.603602
16.441787
16.525752
16.484859
16.250977
16.300112
16.103798
15.975624
16.018145
15.969762
16.031461
16.363010
16.351807
16.474541
16.775850
17.057861
17.079557
17.225220
17.221496
16.931669
16.909264
17.311138
17.159445
16.902690
16.717811
16.685599
16.734410
16.655273
16.688775
16.410739
16.667386
16.928309
16.746551
16.692380
16.499001
16.635134
16.543018
16.639557
16.414381
16.474825
16.468987
16.521409
16.411652
16.460826
16.418032
16.427413
16.259453
16.111108
16.139913
15.682252
15.547457
15.225129
15.301606
15.188978
15.420444
15.470591
15.402237
15.635801
15.658717
15.473733
15.458059
15.503431
15.350871
15.319256
15.151717
15.109129
15.065458
15.099831
15.114746
15.569845
15.559944
15.245793
15.430389
15.230999
15.181291
15.161475
15.353456
15.189892
15.166939
15.183339
14.920508
15.089555
15.140714
15.309625
15.210411
15.145989
15.119142
14.810018
14.858866
14.805368
14.912968
15.064095
14.838095
14.873417
14.975266
14.947004
14.980891
15.008665
15.121791
15.047886
15.044023
15.141673
14.939956
14.922079
14.883057
14.993210
15.148908
15.200641
15.095299
14.657845
14.631666
14.434063
14.309659
14.218395
14.175252
14.024096
14.054243
14.237502
14.292798
14.097477
14.275154
14.343026
14.381119
14.426541
14.302227
14.447583
14.566233
14.606479
14.812189
15.059462
15.188133
15.159932
15.063670
15.072583
14.987895
14.995348
14.853141
14.546452
14.581316
14.535145
14.493805
14.702323
14.640256
14.706476
14.729112
14.798230
15.008071
15.138273
15.174893
15.396811
15.359236
15.269918
15.354781
15.393556
15.366993
15.402352
15.538330
15.549812
15.330354
15.292250
14.843842
14.831554
15.029544
14.872420
14.898954
14.806835
14.607135
14.589274
14.629899
14.662626
14.496678
14.716807
14.639919
14.527005
14.487403
14.528441
14.542881
14.518033
14.408109
14.896202
14.846100
15.077288
15.170204
15.175349
14.848869
14.634188
14.646836
14.456312
14.687550
14.575319
14.588330
14.585463
14.634866
14.641227
14.675903
14.682585
14.561604
14.492731
14.708957
14.365795
14.560041
14.488153
14.508052
14.625044
14.377339
14.414414
14.487090
14.326876
14.336105
14.353990
14.254593
14.294596
14.214025
14.459377
14.459365
14.484121
14.529888
14.537800
14.584173
14.852458
14.622541
14.627367
14.561822
14.553056
14.533037
14.399307
14.303999
14.409016
14.420263
14.370630
14.435790
14.481498
14.787758
14.854392
14.942471
14.863098
14.734444
15.045170
14.913984
15.048474
14.976156
14.957150
15.230675
15.190542
15.199476
15.323078
15.332727
15.153505
14.976149
14.892826
14.902567
15.080030
14.907615
14.801100
14.826796
14.821408
14.860737
14.524180
14.579294
14.749692
14.870401
14.863485
14.712015
14.581109
14.712884
14.967345
14.927522
15.001282
14.917587
15.018050
15.213621
15.145615
15.143681
15.083531
15.070984
15.120874
15.164772
15.232702
15.334378
15.338038
15.244819
15.473673
15.693885
15.773598
15.654631
15.668048
15.728618
15.591212
15.602958
15.669129
15.521028
15.501771
15.620549
15.614941
15.748664
15.926973
15.852303
15.846754
15.900973
15.823482
15.723716
15.978995
16.168011
16.116691
16.249959
16.336805
16.481313
16.392100
16.465881
16.649940
16.523626
16.511973
16.432781
16.465339
16.499817
16.374852
16.292741
16.292741
16.305172
16.304051
16.278253
16.227710
16.142063
16.042430
15.872955
15.756790
16.080370
15.759384
15.849034
15.730121
15.772397
15.560523
15.567679
15.540972
15.543271
15.622192
15.640193
15.589463
15.432778
15.439249
15.498374
15.542790
15.638266
15.375503
15.428557
15.203118
15.181232
15.258912
15.276512
15.227183
15.103663
15.292023
15.312563
15.289309
15.368132
15.518553
15.475846
15.691900
15.590714
15.540412
15.417420
15.339639
15.381641
15.461361
15.366348
15.423080
15.213879
15.036284
14.816882
14.904828
15.028919
14.827130
14.714742
14.708473
14.622957
14.669011
14.802358
14.710525
14.707384
14.710286
14.761529
14.786591
14.938671
14.878580
15.054513
14.812669
14.909246
14.673952
14.559712
14.584423
14.602982
14.517497
14.580206
14.715159
14.715159
14.718034
14.731069
14.841313
14.726892
14.588835
14.513815
14.717677
14.868998
14.918086
14.947499
14.938282
14.778899
15.147820
15.406453
15.329496
15.236190
14.850916
14.904010
14.884194
15.064710
14.969252
14.938858
15.024349
15.328103
15.460256
15.448861
15.486998
15.441866
15.429079
15.583883
15.518037
15.597578
15.536015
15.546644
15.394884
15.353605
15.379179
15.494929
15.372966
15.271673
15.145420
15.338554
15.344068
15.412164
15.390529
15.540229
15.413551
15.284150
15.261661
15.352722
15.766358
15.793278
15.885434
15.730365
15.773960
15.743293
15.739668
15.739668
15.327741
15.295365
15.245580
15.250161
15.306452
15.151496
15.095354
15.038272
14.920838
14.855495
14.975133
15.096612
14.971978
14.923233
14.721063
14.807402
14.482245
14.616892
14.524602
14.548695
14.310130
14.311488
14.356782
14.440543
14.373079
14.397260
14.333308
14.187545
14.210064
13.991774
13.797756
13.805069
13.797247
13.798338
13.663890
13.677402
13.865946
13.863662
13.835604
13.990900
14.034673
14.032475
14.115662
14.001283
14.021418
14.411163
14.350330
14.354680
14.411852
14.466765
14.363264
14.374525
14.442266
14.646593
14.659369
14.694823
14.676123
14.660891
14.636330
14.749268
14.735126
14.988683
14.920776
14.920448
14.765648
14.821142
14.793419
14.798231
14.874531
15.041738
15.497763
15.473170
15.654887
15.621362
15.710294
16.082206
16.103455
16.196701
16.381206
16.394196
16.382400
16.384989
16.565432
16.443685
16.563116
16.549597
16.583576
16.527483
16.516457
16.473921
16.354240
16.354240
16.120569
15.970677
15.933978
16.035352
16.136170
16.016642
16.033883
16.033883
16.132166
16.296203
15.925294
16.040354
16.118359
16.151956
16.064745
15.987346
15.995978
15.919822
15.869449
15.731379
15.832600
15.959797
16.145143
16.423862
16.323709
16.301124
16.350540
16.441650
16.095187
16.087654
16.050248
15.973591
15.682156
15.613347
15.304449
15.500287
15.577235
15.550931
15.614617
16.071753
16.153634
15.985699
15.768762
15.810522
15.642576
15.417046
15.467536
15.395604
15.386847
15.511575
15.645630
15.625464
15.699844
15.355594
15.186478
15.210416
15.139040
15.257821
15.594126
15.941269
15.934159
15.903873
15.670963
15.738087
15.847474
15.873055
15.711621
15.605871
15.566280
15.502164
15.618649
15.517040
15.449929
15.416714
15.139689
15.198688
15.164017
15.198879
15.147645
15.213575
15.251551
15.219201
15.099953
15.014151
14.941314
15.001837
15.287076
15.399858
15.347805
15.415078
15.423445
15.471584
15.530084
15.507915
15.459238
15.410780
15.432616
15.784416
15.579854
15.671298
15.574931
15.659992
15.790712
15.313493
15.324465
15.814444
15.852737
15.917088
15.627422
15.644211
15.649330
15.730294
16.058517
16.142900
15.993552
16.016436
16.058362
16.140337
16.026922
16.046547
16.071415
16.145587
16.152236
16.012233
15.936750
15.311540
15.267243
15.289694
15.239541
15.381447
15.241556
15.373435
15.263913
15.263295
15.216682
15.298633
15.431775
15.614917
15.722328
15.563529
15.440450
15.560880
15.590065
15.588701
15.940379
16.005245
16.211353
15.959464
16.089602
15.846966
15.629814
15.484327
15.586699
15.364359
15.348727
15.566990
15.540512
15.548136
15.384958
15.402053
15.277460
15.204066
15.432405
15.534764
15.837177
15.634215
15.480978
15.517041
15.476124
15.643422
15.585803
15.458336
15.511984
15.516638
15.508366
15.490508
15.600301
15.588036
15.931665
16.441873
16.348971
16.255838
16.351224
16.229296
16.177815
16.248828
16.348251
16.529708
16.601221
16.698454
16.968573
17.372799
17.367462
17.195879
16.966455
17.016651
17.230858
17.491196
17.460880
17.440623
17.272000
17.141726
17.231129
17.168342
17.265390
17.063452
16.918826
16.947886
16.729548
16.546402
16.681282
16.665339
16.733442
16.412778
16.613062
16.667547
16.640786
16.623989
16.967101
17.054770
17.062727
16.915150
16.749193
16.569991
16.601857
16.707293
16.631871
16.919463
16.945596
16.941237
16.591968
16.508976
16.719213
16.441179
16.509260
16.474208
16.738427
16.970004
17.334763
17.480082
17.413439
17.686394
17.567293
17.483611
17.433209
17.626054
17.438675
17.329834
17.236056
17.390899
17.312717
17.247952
17.287930
17.643513
17.839502
17.788706
18.237326
18.066330
18.067123
18.102555
18.123274
18.123274
18.294368
18.147618
17.783031
17.762866
17.621948
17.494233
17.411455
17.253487
17.140349
17.116618
17.586374
17.393229
17.456846
17.540588
17.561696
17.642033
17.763427
17.963090
17.866739
17.664266
17.556239
17.702418
17.418950
17.474724
17.878342
17.667804
17.550865
17.044059
17.150119
16.915425
17.138310
16.967677
16.872567
16.887979
16.435366
16.369526
15.935015
16.167044
16.164760
16.201392
16.249913
16.310487
16.240613
16.290242
16.322652
16.381671
16.496123
16.204338
16.298125
16.379387
16.472045
16.370288
16.333669
16.233089
15.997399
15.775954
15.773838
15.706141
15.932157
16.139183
16.357440
16.271910
16.299418
16.369018
16.320708
16.306025
16.480733
16.471739
16.414600
16.176821
16.163738
16.150580
16.001809
16.081710
15.989275
16.094324
16.448953
16.451903
16.630209
17.237584
17.149039
16.966477
17.093108
17.179792
17.177665
17.654194
17.562463
17.372338
17.597216
17.686913
17.285207
17.367852
17.555910
17.468524
17.320962
17.151733
17.101683
17.103205
17.303330
17.299168
17.304341
17.190349
17.299813
17.418268
17.436638
17.387545
17.349363
17.125731
17.302395
16.808728
16.901343
16.927312
16.793703
16.616789
16.550771
16.550771
16.500135
16.609176
16.716226
16.343259
16.444358
16.417348
16.656716
16.565775
16.750318
16.750318
16.693857
16.708654
16.640702
16.566543
16.531202
16.483323
16.538459
16.591141
16.420670
16.445315
16.409755
16.447285
16.150516
16.205371
16.320577
16.196706
16.147174
16.008477
15.994706
15.872730
15.670805
15.802514
15.807130
15.678921
15.606783
15.314908
15.499471
15.516170
15.362670
15.692113
15.643954
15.661778
15.650789
15.367762
15.293352
15.141872
15.091148
15.340776
14.918783
15.180337
15.110520
15.254226
15.203464
15.397041
15.755018
15.745909
15.782557
15.739634
15.669667
15.656260
15.837306
15.531256
15.638859
15.771330
15.670132
15.735293
15.555819
15.455389
15.479728
15.475007
15.508146
15.699619
15.507644
15.559097
15.417287
15.660237
15.546514
15.304998
15.111699
15.061143
14.882485
14.914364
14.997682
15.064412
15.033433
15.104543
15.138024
14.747644
14.984182
14.970464
14.915469
15.095989
15.045806
15.023315
15.005117
14.984317
14.933369
14.783230
14.692539
15.021020
15.071460
15.098356
15.137330
15.165490
15.243616
15.263597
15.452827
15.374673
15.366931
15.394852
15.657440
15.380411
15.447294
15.812256
15.618583
15.579027
15.769796
15.615502
15.653397
15.844149
15.578621
15.431232
15.174167
15.345079
15.240783
15.235094
15.403868
15.314107
15.309918
15.484548
15.499796
15.790026
15.807984
15.957566
15.732809
15.490518
15.585582
15.582600
15.493009
15.328772
15.240241
15.271780
15.365624
15.370397
15.240835
15.155503
15.149730
15.087143
14.998685
15.038661
14.903375
14.887817
14.910131
14.849654
14.698836
14.702526
14.328110
14.240545
14.355013
14.431014
14.297536
14.250337
14.358748
14.333735
14.359056
14.260461
14.403019
14.348179
14.499556
14.555593
14.563237
14.606807
14.378203
14.645617
14.698607
14.784990
14.844147
14.750365
14.729775
14.870817
14.889431
14.807709
14.667014
14.810915
14.869902
14.640038
14.742613
14.543626
14.543626
14.987998
14.836477
14.748748
15.019428
15.017671
14.915992
14.974321
14.980475
15.196752
15.256837
15.557762
15.256023
15.182007
15.152491
15.215987
15.179288
15.062208
15.239043
15.469391
15.628798
15.650643
15.567680
15.528697
15.336551
15.313269
15.248280
15.249108
15.249108
15.191529
14.961824
14.837097
14.641167
14.719294
14.703951
14.692579
14.717055
14.813572
14.826369
14.908597
15.020276
15.077787
15.033821
15.033821
15.007487
15.158267
15.053572
15.022872
14.760071
14.906470
15.017066
15.034267
14.889549
14.832500
14.833339
15.177351
15.025708
15.033424
15.054323
15.012776
15.083558
15.086796
15.272658
15.379230
15.451177
15.397984
15.362262
15.321879
15.371126
15.345196
15.460119
15.418699
15.194467
14.986383
15.033114
15.026087
15.086448
15.012972
15.176286
15.176286
15.608128
15.717906
15.672263
15.758307
15.732326
15.697007
15.880052
15.911065
15.880387
15.901997
16.051192
16.099345
16.166020
16.253924
16.087170
16.079399
15.978327
16.207873
16.255856
16.424525
16.496733
16.285654
15.863829
16.058399
16.055355
15.906534
15.862375
16.081934
16.099387
16.014246
16.005485
15.996625
15.653920
15.398999
15.358721
15.358759
15.452374
15.539312
15.508776
15.543971
15.603961
15.554142
15.740817
15.666839
16.107112
16.233588
16.048834
15.789615
15.486146
15.471747
15.663298
16.216916
16.224394
16.131949
15.888353
15.637415
15.552538
15.489947
15.776880
15.928590
15.969573
16.166252
16.107432
16.087984
15.851827
15.668404
15.969225
15.941800
15.895451
16.019375
16.109977
15.962943
15.816127
15.922480
15.801199
15.729184
15.547372
15.867057
15.855797
15.974348
15.922012
15.844915
15.857280
15.828935
15.866141
15.872762
15.878699
16.102960
15.883879
15.459681
15.520372
15.715014
15.933010
15.787592
15.663422
15.567228
15.549020
15.146213
14.998802
15.140600
15.140600
15.070192
15.183847
14.997222
15.045992
15.025391
15.029427
14.994673
14.954782
15.156502
15.114727
15.093778
15.186801
15.484919
15.365540
15.228494
15.094770
15.014254
15.270186
15.253338
15.086438
14.841073
14.858073
14.865365
15.000540
15.036980
15.317760
15.096121
15.130779
15.108353
14.952751
14.861270
15.035402
15.009172
15.061022
15.096267
15.020065
15.242317
15.482934
15.396985
15.413108
15.385032
15.419251
15.364794
15.381732
15.196424
15.261378
15.316957
15.360047
15.078062
15.262426
15.309379
15.234092
15.128231
15.101871
15.322322
15.436153
15.479639
15.722760
15.721729
15.779577
15.783841
15.657380
15.172250
15.312810
15.143866
14.936267
14.805401
14.686277
14.979816
15.029651
15.129057
15.205356
15.222146
15.372812
15.382619
15.501487
15.354895
15.402071
15.364545
15.379773
15.444997
15.181903
15.180782
15.335820
15.246688
15.080864
14.925872
14.960328
14.817308
14.829024
14.801748
14.879133
14.996751
15.280874
15.262539
15.173261
15.206111
15.160025
15.170957
15.171673
15.165780
15.069143
15.158526
15.240199
15.479557
15.492219
15.421435
15.664354
15.720092
15.770783
15.930831
15.829531
16.109767
16.064752
15.932004
15.878728
15.785332
15.660159
15.628995
15.737212
15.790451
15.814622
15.756098
15.704166
15.590183
15.297340
15.295074
15.156872
15.252053
15.073582
15.028248
15.470971
15.749644
15.926480
15.749742
15.796009
15.638263
15.578336
15.518957
15.504554
15.281050
15.472494
15.575525
15.440015
16.055525
16.079834
16.035042
16.072737
16.157708
16.465201
16.955061
17.009828
16.990710
16.931646
16.925581
16.925581
16.873367
16.820389
17.227641
17.101213
16.963954
16.425942
16.252991
16.347543
16.249623
16.270983
16.536948
16.366675
16.367857
16.467113
16.581754
16.552331
16.308164
16.336483
16.375453
16.966947
17.072728
16.997933
16.918534
16.720708
16.751471
16.666584
16.622994
16.849959
16.969633
16.808671
16.774193
16.576924
16.445935
16.351456
16.304454
16.177614
15.659304
15.734520
15.825060
15.832509
15.807605
16.422810
16.572869
16.611422
16.929673
16.857469
16.530443
16.911268
16.917570
17.124159
17.001960
17.021968
16.849729
16.799299
16.531088
16.397284
16.379700
16.272745
16.441797
16.148358
16.105289
16.011655
16.038965
15.802337
15.831595
15.759056
15.797186
15.946395
16.058352
16.015801
15.906405
15.913734
15.971831
16.055686
16.038121
15.830135
16.103712
16.064488
16.026754
15.842391
16.065622
16.131549
16.153277
16.473314
16.566736
16.549346
16.695073
16.559443
16.611229
16.748718
16.637671
16.711477
16.782972
16.798362
16.386104
16.433139
16.374260
16.086891
16.014857
16.030252
15.958466
15.705201
15.682920
15.881152
15.981825
16.017170
15.963243
15.778743
15.773371
15.779663
15.913406
16.130541
16.101710
16.100992
16.599499
16.720004
16.724491
17.079308
17.339663
17.215873
16.766618
16.778143
16.950544
16.790727
16.756150
16.957431
16.952519
16.874336
17.457438
17.575001
17.187421
16.902337
16.635923
16.802898
16.693750
16.768266
16.821529
16.899305
16.971022
16.879782
16.940975
17.158504
17.201284
17.329739
17.370658
17.341657
17.497083
17.850177
17.964258
18.006353
18.006353
17.963870
17.989926
17.979421
17.915797
17.881377
17.881377
17.269470
17.055799
17.088004
17.049396
17.086947
17.296558
17.149193
17.168260
16.914148
16.908693
16.661932
16.780464
16.833614
16.801863
16.723457
16.801814
16.905962
17.010915
17.111793
17.070041
17.283944
17.281073
16.832344
16.853045
16.853045
16.730585
16.608733
16.856241
16.750922
16.484567
16.481593
16.341240
16.276791
16.373952
15.961561
15.959073
15.963855
16.017595
16.095256
15.963344
15.607315
15.552920
15.492017
15.801338
15.831106
15.936252
15.893444
15.882884
16.045732
16.200782
16.031982
16.403762
16.490312
16.622614
16.785514
16.833536
16.637407
16.635665
16.579984
16.628385
16.602650
16.641362
16.376254
16.391921
16.457504
16.393590
16.594112
16.571594
16.407015
16.409057
16.318379
16.190016
16.076342
16.104969
15.797160
15.875531
15.796524
15.792022
15.836054
15.784207
15.913329
15.873217
15.854311
16.033037
16.508238
16.546210
16.476801
16.545654
16.631908
16.706138
16.966424
17.051400
16.963113
16.924621
16.926614
16.851890
16.755002
16.731129
17.074251
16.817260
16.750355
16.793773
16.505969
16.372551
16.491052
16.703695
16.782898
16.489113
16.608921
16.583166
16.408328
16.523516
16.417476
16.425369
16.373913
16.405063
16.231194
16.026639
15.734082
15.973985
15.907558
15.725492
16.074190
16.065408
16.063875
16.130553
16.220466
16.275731
15.863949
15.972709
15.717221
15.903471
15.862686
15.822352
15.928144
15.595481
15.559179
15.595227
15.571316
15.481347
15.544475
15.441643
15.280527
15.265770
15.920386
15.965183
15.700448
15.676802
15.581752
15.550174
15.153833
15.572608
15.605077
15.441345
15.539314
15.307535
14.996590
15.194674
15.050128
14.906397
15.199418
15.033256
15.308251
15.527430
15.493574
15.485677
15.421213
