16.610039
16.606886
16.615089
16.605014
16.612537
16.598684
16.621470
16.617223
16.592894
16.601613
16.582987
16.556638
16.563708
16.577660
16.555222
16.544215
16.532593
16.540039
16.581683
16.580974
16.570225
16.579097
16.577665
16.542802
16.565637
16.560862
16.574523
16.606488
16.565316
16.563518
16.554597
16.564438
16.560914
16.568124
16.561149
16.558649
16.552922
16.581692
16.582083
16.587741
16.627067
16.618753
16.630138
16.633966
16.646750
16.647620
16.642045
16.642783
16.645400
16.655876
16.661701
16.658860
16.662687
16.669791
16.668595
16.652237
16.666793
16.624605
16.609233
16.635115
16.634921
16.629487
16.595755
16.589538
16.593038
16.551741
16.540642
16.524210
16.497107
16.462119
16.468765
16.447060
16.438832
16.457694
16.440710
16.418618
16.420268
16.413115
16.407975
16.410117
16.401613
16.399256
16.395553
16.390228
16.381695
16.395797
16.386994
16.381437
16.395256
16.412909
16.405216
16.401168
16.344534
16.352871
16.371566
16.365167
16.380248
16.369364
16.365366
16.389630
16.364597
16.390922
16.389631
16.393386
16.374510
16.387667
16.380371
16.376989
16.363172
16.353430
16.363820
16.402444
16.390805
16.372407
16.361728
16.338582
16.327788
16.344066
16.350946
16.374598
16.340899
16.361694
16.361393
16.378245
16.389325
16.398500
16.382752
16.370355
16.377644
16.388793
16.329563
16.333048
16.326203
16.267644
16.253079
16.249299
16.277176
16.282989
16.281271
16.267398
16.258741
16.244947
16.232181
16.228675
16.205880
16.210963
16.214518
16.202660
16.218949
16.197316
16.208769
16.221208
16.222447
16.186039
16.213789
16.217782
16.189554
16.188395
16.184137
16.197231
16.194485
16.206127
16.203965
16.178399
16.172066
16.185432
16.184838
16.175888
16.178334
16.190558
16.187548
16.173948
16.170250
16.137295
16.148852
16.134020
16.149170
16.169794
16.186064
16.204152
16.223823
16.228872
16.231795
16.258723
16.281324
16.281511
16.282656
16.296458
16.289176
16.300562
16.290985
16.299928
16.310965
16.310659
16.378999
16.392809
16.398051
16.418509
16.410169
16.399775
16.362182
16.349480
16.354976
16.390162
16.387706
16.375150
16.382190
16.375243
16.396828
16.364841
16.352580
16.355768
16.365916
16.346332
16.314775
16.306390
16.312969
16.336025
16.339773
16.300507
16.311645
16.291155
16.249409
16.255423
16.289152
16.283215
16.295768
16.321233
16.317672
16.325446
16.344828
16.318963
16.352772
16.363619
16.354737
16.347093
16.336556
16.324270
16.330239
16.319392
16.301428
16.312859
16.321426
16.305871
16.329454
16.324760
16.296873
16.285614
16.313114
16.349357
16.364154
16.353628
16.342289
16.309647
16.274528
16.242997
16.250018
16.258111
16.230575
16.246151
16.211940
16.207666
16.227979
16.224155
16.208598
16.221775
16.217224
16.214012
16.199704
16.214852
16.206207
16.227348
16.215834
16.237343
16.245654
16.249310
16.262353
16.288813
16.293669
16.288939
16.290867
16.293637
16.293112
16.303372
16.253728
16.260019
16.259191
16.248305
16.247720
16.226138
16.254318
16.267632
16.271948
16.270851
16.274106
16.283110
16.281632
16.291913
16.288284
16.271232
16.260409
16.270870
16.285088
16.285073
16.294731
16.303938
16.300624
16.272083
16.287060
16.284932
16.251024
16.257333
16.243248
16.236701
16.245314
16.209995
16.208921
16.217707
16.210905
16.212869
16.214777
16.210579
16.206656
16.213371
16.208993
16.197412
16.191558
16.230729
16.226913
16.223063
16.226864
16.210550
16.204287
16.202099
16.203501
16.163380
16.146941
16.139307
16.160038
16.158244
16.155218
16.150842
16.159212
16.168437
16.155620
16.163236
16.163623
16.155087
16.157342
16.141937
16.146871
16.137792
16.133480
16.132567
16.136525
16.143902
16.157368
16.143657
16.143011
16.129330
16.150447
16.111474
16.114229
16.115513
16.126205
16.106532
16.127371
16.143124
16.168031
16.175674
16.171333
16.185199
16.210525
16.218523
16.207135
16.197786
16.181691
16.187523
16.184557
16.181291
16.175608
16.182204
16.197242
16.215001
16.217990
16.224271
16.229171
16.224127
16.227761
16.219674
16.210607
16.199096
16.175915
16.180761
16.179903
16.196526
16.214502
16.200475
16.212599
16.194073
16.223279
16.240954
16.243771
16.265255
16.253904
16.264150
16.270737
16.266527
16.275102
16.270509
16.271776
16.267701
16.272360
16.228077
16.243357
16.238462
16.217096
16.254354
16.235467
16.247952
16.241281
16.250969
16.243016
16.272061
16.259374
16.257448
16.257919
16.224069
16.228562
16.214015
16.194802
16.230044
16.219886
16.223753
16.232145
16.230993
16.236051
16.221444
16.240744
16.225434
16.254587
16.266406
16.272372
16.249366
16.244901
16.243352
16.213881
16.220266
16.222798
16.195707
16.152621
16.129995
16.128135
16.171932
16.167398
16.152911
16.162682
16.160302
16.151664
16.142988
16.172144
16.159246
16.158885
16.163460
16.197480
16.207755
16.180768
16.182456
16.170018
16.173017
16.161561
16.162363
16.134859
16.153459
16.149265
16.145758
16.152077
16.146118
16.133878
16.142596
16.155427
16.156518
16.143785
16.145664
16.142520
16.148616
16.147319
16.137005
16.150060
16.160094
16.151722
16.163362
16.183655
16.192507
16.154651
16.156538
16.188254
16.178118
16.174367
16.161236
16.189425
16.193709
16.172540
16.165385
16.166727
16.153719
16.165622
16.165383
16.148226
16.140334
16.150214
16.136375
16.107625
16.089489
16.088389
16.095674
16.073532
16.045213
16.055481
16.058938
16.078230
16.109318
16.097662
16.096323
16.101907
16.108748
16.118509
16.103208
16.121227
16.139969
16.130933
16.129406
16.131276
16.102301
16.112762
16.126052
16.122970
16.131847
16.122232
16.106670
16.104232
16.085587
16.130877
16.131239
16.161085
16.175658
16.197563
16.192652
16.172010
16.152234
16.124598
16.111309
16.110655
16.104061
16.101273
16.077695
16.106566
16.092962
16.093726
16.073689
16.103506
16.089873
16.094839
16.097756
16.096378
16.073484
16.085441
16.112610
16.100096
16.099013
16.090594
16.085191
16.088081
16.082069
16.077812
16.083255
16.110498
16.097006
16.092186
16.093531
16.102480
16.140128
16.148913
16.147319
16.142449
16.161389
16.170616
16.165903
16.172156
16.155536
16.180126
16.188156
16.223773
16.244644
16.268125
16.265077
16.234418
16.249575
16.246974
16.245930
16.274743
16.264609
16.277575
16.300090
16.294302
16.255731
16.218298
16.214293
16.183340
16.219633
16.225354
16.226028
16.218977
16.218674
16.219818
16.224471
16.232338
16.267251
16.265136
16.263018
16.268376
16.256005
16.280370
16.303904
16.307881
16.300755
16.320054
16.340873
16.331942
16.306255
16.287609
16.291994
16.277394
16.282985
16.266747
16.291028
16.280022
16.332446
16.318962
16.317113
16.292855
16.331425
16.356070
16.343469
16.340814
16.329231
16.333033
16.311384
16.301633
16.319887
16.309472
16.295839
16.310634
16.325832
16.332080
16.330193
16.320166
16.361490
16.353942
16.339371
16.344059
16.323554
16.318423
16.329402
16.348770
16.371959
16.386256
16.373885
16.373590
16.373674
16.388593
16.378222
16.375672
16.350486
16.354342
16.354562
16.372268
16.380562
16.389897
16.423789
16.430759
16.407018
16.440965
16.435340
16.428816
16.392790
16.380189
16.364128
16.390397
16.388314
16.373479
16.399869
16.380068
16.349854
16.389457
16.376714
16.369168
16.358071
16.354557
16.331101
16.297238
16.230930
16.244274
16.243404
16.237534
16.233664
16.264583
16.255787
16.236255
16.184600
16.194286
16.208188
16.234236
16.260545
16.277556
16.295531
16.306124
16.308317
16.328805
16.309035
16.324223
16.305638
16.313167
16.271947
16.269331
16.227868
16.229717
16.244707
16.245081
16.244299
16.236666
16.233594
16.232298
16.236922
16.257257
16.247822
16.259974
16.267513
16.285467
16.260212
16.261313
16.253073
16.253451
16.226297
16.225829
16.201506
16.208988
16.205472
16.209733
16.208248
16.237374
16.265582
16.229558
16.247984
16.248726
16.253803
16.253728
16.252737
16.219939
16.225783
16.223273
16.214380
16.205692
16.203113
16.159873
16.161650
16.184836
16.178022
16.199932
16.200073
16.175630
16.156225
16.172850
16.175853
16.173086
16.192679
16.224384
16.248483
16.255764
16.253421
16.256972
16.285557
16.285709
16.298814
16.305403
16.305411
16.274444
16.285227
16.287617
16.286211
16.277121
16.236595
16.244011
16.263103
16.246869
16.256768
16.244544
16.265033
16.269259
16.292239
16.284157
16.292142
16.294305
16.297763
16.279997
16.315418
16.314902
16.322732
16.323016
16.333318
16.334166
16.317941
16.330941
16.331660
16.309368
16.334914
16.343111
16.336978
16.321543
16.321377
16.312707
16.316790
16.314266
16.309627
16.308221
16.287347
16.304251
16.286090
16.263631
16.235263
16.255808
16.255163
16.289137
16.298699
16.316844
16.302506
16.304291
16.312400
16.319966
16.327235
16.334556
16.320640
16.347164
16.330769
16.330883
16.322278
16.316565
16.325801
16.344060
16.342758
16.335376
16.350370
16.365759
16.366631
16.350382
16.342158
16.348016
16.344168
16.363191
16.339073
16.338878
16.306531
16.317810
16.352737
16.359051
16.344108
16.347891
16.317038
16.315260
16.303303
16.315716
16.305421
16.329303
16.325905
16.320819
16.331260
16.283335
16.289485
16.325026
16.312267
16.306921
16.320879
16.325038
16.337460
16.346494
16.321054
16.321865
16.297702
16.274750
16.265634
16.276057
16.265020
16.249489
16.250171
16.248228
16.241296
16.251847
16.251621
16.253591
16.249924
16.230142
16.217080
16.225499
16.207731
16.214855
16.220210
16.259547
16.277028
16.263920
16.267826
16.271124
16.275828
16.276796
16.263116
16.260337
16.276664
16.295318
16.256465
16.259179
16.215182
16.249623
16.246862
16.261365
16.264346
16.257106
16.260267
16.260078
16.248016
16.207636
16.220373
16.262725
16.229216
16.208051
16.186121
16.195871
16.211261
16.204632
16.179541
16.174213
16.174824
16.186300
16.216671
16.194990
16.191089
16.198538
16.223943
16.242274
16.249400
16.232667
16.229770
16.236751
16.219414
16.200293
16.203445
16.205616
16.220499
16.214942
16.223757
16.231989
16.219313
16.213358
16.197496
16.169850
16.171776
16.172642
16.160339
16.171862
16.190553
16.212188
16.199195
16.222574
16.221759
16.258664
16.283999
16.254000
16.266633
16.272822
16.302146
16.319889
16.334450
16.351056
16.342621
16.316723
16.291746
16.283222
16.262454
16.253952
16.253762
16.272798
16.277876
16.268345
16.297349
16.305651
16.311402
16.315415
16.294356
16.291885
16.291247
16.288290
16.297231
16.308278
16.311078
16.300708
16.285888
16.279690
16.261713
16.290950
16.321532
16.328408
16.285875
16.266521
16.276972
16.294832
16.302123
16.296318
16.310517
16.330317
16.328631
16.335302
16.351264
16.349115
16.351585
16.344119
16.345533
16.369112
16.347595
16.337025
16.318487
16.323381
16.325200
16.287681
16.312850
16.311394
16.318247
16.330552
16.331840
16.311262
16.318274
16.315301
16.306182
16.290228
16.299233
16.305219
16.318098
16.315018
16.338414
16.393857
16.393022
16.412772
16.397664
16.386873
16.388104
16.414547
16.420368
16.420375
16.388594
16.376217
16.354880
16.361357
16.371637
16.393184
16.383649
16.387130
16.383212
16.383925
16.381552
16.383152
16.432642
16.408086
16.410813
16.421061
16.429042
16.429819
16.417113
16.428708
16.441283
16.445244
16.426081
16.430009
16.448240
16.456146
16.438410
16.420278
16.418845
16.436936
16.432355
16.429024
16.411281
16.417198
16.425107
16.414416
16.409078
16.378496
16.366393
16.361657
16.374263
16.376449
16.375270
16.372278
16.387422
16.380526
16.391651
16.393074
16.385216
16.423092
16.409928
16.377231
16.374968
16.389121
16.366025
16.320469
16.311194
16.304000
16.302777
16.315374
16.321021
16.320028
16.327441
16.307471
16.295425
16.318097
16.333236
16.333748
16.358102
16.350571
16.361577
16.351789
16.370961
16.381563
16.370921
16.388725
16.359994
16.370903
16.388922
16.391645
16.396855
16.391165
16.394068
16.391925
16.406302
16.421776
16.399627
16.389304
16.362633
16.347016
16.314487
16.336682
16.338620
16.330284
16.330724
16.360074
16.357825
16.359262
16.365572
16.350515
16.368797
16.373560
16.363388
16.373359
16.359096
16.351278
16.349594
16.349330
16.323554
16.320363
16.315581
16.286584
16.272846
16.274955
16.269050
16.258166
16.276815
16.295854
16.292464
16.301779
16.308099
16.303124
16.285756
16.289327
16.281967
16.261215
16.252230
16.247206
16.247821
16.213971
16.256630
16.257060
16.255307
16.258918
16.250144
16.256979
16.230953
16.224259
16.250236
16.238792
16.232301
16.198859
16.211985
16.204849
16.215266
16.234214
16.256262
16.250609
16.238101
16.207816
16.205965
16.206411
16.214316
16.217783
16.190581
16.213165
16.172124
16.179640
16.217624
16.193042
16.180529
16.162387
16.151058
16.169352
16.157486
16.164520
16.148512
16.154260
16.172998
16.166651
16.201868
16.184315
16.200221
16.230408
16.268960
16.265973
16.303543
16.292116
16.295485
16.280305
16.315757
16.328982
16.324820
16.289339
16.278199
16.290198
16.307969
16.322685
16.343950
16.339502
16.351193
16.364030
16.380887
16.362778
16.349734
16.357319
16.349046
16.356214
16.360041
16.396575
16.407057
16.412130
16.447178
16.443058
16.449343
16.447617
16.445589
16.457244
16.482479
16.459985
16.446930
16.440565
16.446268
16.411228
16.417351
16.442585
16.432380
16.442417
16.421857
16.418899
16.414515
16.424555
16.411612
16.401402
16.374893
16.372037
16.359911
16.367366
16.355353
16.340557
16.337240
16.332081
16.305454
16.307036
16.312751
16.298005
16.294068
16.306698
16.299789
16.325755
16.340773
16.324247
16.325090
16.340704
16.329109
16.335808
16.361330
16.367225
16.369815
16.374157
16.368100
16.328799
16.320556
16.324058
16.312283
16.298836
16.297741
16.282525
16.288254
16.302566
16.306564
16.296759
16.303836
16.325823
16.328204
16.336928
16.322489
16.343891
16.340352
16.351455
16.320580
16.310981
16.315622
16.305162
16.262527
16.259628
16.266306
16.287702
16.262345
16.263845
16.255031
16.234136
16.197340
16.207346
16.228679
16.230573
16.215987
16.229103
16.212403
16.177631
16.207967
16.219848
16.222516
16.183442
16.181161
16.176228
16.170998
16.183832
16.197838
16.215014
16.234599
16.238346
16.233036
16.214859
16.214410
16.230210
16.225532
16.248493
16.261872
16.285150
16.319939
16.330227
16.339632
16.361595
16.360260
16.369269
16.360379
16.350224
16.319622
16.314223
16.312079
16.270210
16.295297
16.279480
16.312934
16.312131
16.303232
16.339028
16.331129
16.334604
16.307823
16.307255
16.303898
16.329402
16.387264
16.397610
16.424148
16.443442
16.467497
16.437863
16.446541
16.448234
16.461625
16.463271
16.469225
16.466509
16.488370
16.482732
16.476000
16.458357
16.457958
16.450953
16.501082
16.508914
16.485120
16.488082
16.459985
16.444477
16.455222
16.455149
16.463008
16.470300
16.473804
16.475754
16.487298
16.509932
16.518784
16.525545
16.493116
16.531257
16.519104
16.531082
16.553619
16.550646
16.548263
16.555854
16.540142
16.533122
16.523831
16.547794
16.552009
16.581889
16.600913
16.585481
16.603219
16.621872
16.651035
16.649371
16.648351
16.652478
16.638200
16.613662
16.630341
16.630102
16.624082
16.624047
16.611117
16.612935
16.611193
16.617516
16.612172
16.620914
16.612639
16.637691
16.625962
16.618693
16.666469
16.670530
16.677740
16.680989
16.684724
16.719987
16.737461
16.733725
16.717692
16.758046
16.738772
16.730720
16.698740
16.690292
16.685332
16.717543
16.713752
16.718178
16.730512
16.734351
16.737299
16.728626
16.723671
16.702265
16.698747
16.672574
16.653946
16.660650
16.650988
16.655410
16.629954
16.638498
16.648629
16.638793
16.648082
16.671773
16.644362
16.616902
16.603224
16.589443
16.611939
16.602199
16.597657
16.615652
16.619207
16.616504
16.636619
16.639178
16.642093
16.613714
16.587764
16.604889
16.601606
16.593968
16.605877
16.603761
16.613086
16.624629
16.630313
16.615287
16.623460
16.645527
16.641936
16.656571
16.665462
16.676654
16.659042
16.671122
16.682761
16.687949
16.685596
16.704527
16.705180
16.709620
16.693019
16.682109
16.681925
16.646294
16.638254
16.652312
16.659187
16.652460
16.676759
16.666638
16.705549
16.672154
16.664499
16.687998
16.694908
16.683731
16.703715
16.762759
16.765156
16.778969
16.778226
16.749370
16.750879
16.738605
16.729414
16.753891
16.762534
16.767397
16.771248
16.781020
16.800658
16.809542
16.803271
16.798564
16.789115
16.794488
16.833970
16.784623
16.798245
16.807751
16.822879
16.823499
16.812101
16.804067
16.795441
16.779503
16.750780
16.772749
16.760739
16.746102
16.748286
16.748657
16.723165
16.734244
16.720655
16.727291
16.734423
16.732356
16.716445
16.708276
16.711255
16.652478
16.608881
16.602710
16.608526
16.594066
16.614891
16.642576
16.639329
16.660545
16.656595
16.660200
16.665324
16.687424
16.665816
16.654716
16.643501
16.638672
16.642914
16.595172
16.592020
16.593624
16.596959
16.595863
16.612815
16.607495
16.602969
16.614649
16.625829
16.662195
16.666717
16.665858
16.643760
16.661035
16.608248
16.594112
16.589837
16.581561
16.589493
16.568237
16.550695
16.542237
16.542763
16.548173
16.538061
16.538701
16.518461
16.523537
16.531279
16.554313
16.562276
16.560733
16.539758
16.540531
16.535224
16.539209
16.519002
16.528015
16.541925
16.561238
16.548138
16.547819
16.555503
16.570662
16.567679
16.567739
16.532824
16.512370
16.497832
16.441432
16.438455
16.402424
16.412774
16.414040
16.405542
16.388071
16.382019
16.364781
16.359246
16.377355
16.388684
16.378799
16.381415
16.380295
16.379698
16.367349
16.340517
16.361664
16.341676
16.340774
16.337727
16.328865
16.289410
16.275877
16.272229
16.297946
16.315019
16.306745
16.303329
16.300580
16.299082
16.318352
16.319157
16.323823
16.315962
16.329627
16.336272
16.343890
16.344213
16.348474
16.350432
16.333189
16.358980
16.357899
16.372365
16.415495
16.415610
16.380181
16.366407
16.376338
16.380531
16.391608
16.368858
16.354803
16.383111
16.385680
16.401435
16.420737
16.426638
16.394115
16.413199
16.413886
16.425997
16.425965
16.448991
16.454236
16.464016
16.446242
16.453731
16.448243
16.455555
16.464548
16.483781
16.485768
16.471926
16.477232
16.469675
16.485303
16.471024
16.472317
16.449783
16.459968
16.447028
16.457182
16.455582
16.456362
16.475588
16.470123
16.463236
16.497584
16.480095
16.453436
16.476054
16.499723
16.495596
16.513347
16.526003
16.527238
16.532911
16.546405
16.549098
16.551296
16.585907
16.535929
16.569073
16.578056
16.594812
16.581471
16.581346
16.557419
16.583315
16.561704
16.591907
16.589532
16.605911
16.606085
16.595070
16.582633
16.561777
16.544408
16.518382
16.526705
16.524808
16.531998
16.555114
16.529674
16.521330
16.530746
16.500441
16.520009
16.517204
16.534871
16.524150
16.546773
16.538655
16.519304
16.511169
16.522902
16.538048
16.518598
16.522017
16.546271
16.538968
16.551716
16.548882
16.555735
16.566570
16.586921
16.582330
16.574236
16.552734
16.565869
16.568649
16.539910
16.527116
16.520217
16.535706
16.538676
16.528977
16.527204
16.506893
16.508890
16.538278
16.549726
16.555868
16.565446
16.569558
16.568234
16.564155
16.567963
16.562151
16.556723
16.545932
16.549826
16.552252
16.573722
16.517222
16.501451
16.507005
16.530430
16.513186
16.519248
16.502267
16.511064
16.534429
16.524528
16.532039
16.532322
16.522585
16.532818
16.523467
16.519663
16.531733
16.533256
16.522728
16.524454
16.537015
16.530070
16.505626
16.575710
16.573711
16.575665
16.565090
16.535220
16.546783
16.550935
16.544992
16.551046
16.555228
16.548578
16.541697
16.527047
16.511901
16.494541
16.479339
16.473506
16.480598
16.496890
16.487910
16.498227
16.496343
16.491163
16.505959
16.491193
16.508993
16.500344
16.464952
16.458461
16.490327
16.500329
16.491550
16.527965
16.553408
16.540792
16.551149
16.559502
16.574548
16.576298
16.557201
16.594404
16.583186
16.578046
16.568260
16.574022
16.619253
16.615818
16.593671
16.601500
16.570072
16.564158
16.566010
16.550225
16.569961
16.585292
16.593941
16.609827
16.613769
16.589664
16.605497
16.596425
16.595351
16.600141
16.547588
16.528430
16.539886
16.545488
16.543253
16.532639
16.542396
16.536455
16.527093
16.556425
16.537133
16.541988
16.570534
16.559820
16.551740
16.542673
16.538152
16.544755
16.533129
16.548317
16.546136
16.527358
16.503193
16.508377
16.485368
16.531512
16.514408
16.507885
16.520502
16.530254
16.522698
16.587469
16.599490
16.607449
16.604105
16.590780
16.600135
16.604938
16.596924
16.606891
16.632119
16.635035
16.639307
16.630102
16.617141
16.622531
16.603834
16.569918
16.552161
16.556400
16.537383
16.538736
16.549688
16.561388
16.559656
16.518310
16.525383
16.535280
16.555588
16.557918
16.558691
16.558037
16.554239
16.520535
16.532481
16.546258
16.547715
16.562401
16.551134
16.568023
16.561189
16.578529
16.589617
16.603395
16.613359
16.617943
16.645987
16.661040
16.650102
16.669231
16.656331
16.636137
16.630530
16.669034
16.662497
16.669654
16.660123
16.645062
16.645426
16.639519
16.633913
16.642230
16.630174
16.603355
16.598122
16.557074
16.554047
16.585628
16.576517
16.581135
16.568273
16.595890
16.560789
16.560513
16.580754
16.609618
16.593656
16.635211
16.623357
16.631315
16.619046
16.610425
16.638136
16.611245
16.601158
16.592472
16.586011
16.597370
16.620187
16.634429
16.638500
16.629826
16.651504
16.675592
16.662708
16.634852
16.640609
16.639124
16.640091
16.622461
16.604360
16.633381
16.636544
16.650600
16.665596
16.668356
16.696331
16.666225
16.623223
16.614594
16.622846
16.622306
16.626504
16.611296
16.613299
16.605636
16.596865
16.604818
16.609033
16.576289
16.556230
16.560493
16.549200
16.563395
16.565490
16.571016
16.577141
16.588505
16.581715
16.589723
16.613321
16.628535
16.603614
16.594345
16.591112
16.614185
16.605455
16.607809
16.614609
16.613325
16.594473
16.570506
16.608877
16.612338
16.643789
16.613699
16.605623
16.608531
16.604981
16.600764
16.596243
16.578695
16.556097
16.559035
16.578543
16.584331
16.605393
16.620762
16.643102
16.649693
16.625079
16.627222
16.636464
16.652399
16.654875
16.625816
16.624013
16.650918
16.650778
16.648923
16.638437
16.630058
16.627790
16.630209
16.618716
16.621685
16.618510
16.619465
16.571562
16.582530
16.561653
16.554276
16.533542
16.552854
16.519103
16.532893
16.533151
16.540896
16.540368
16.505807
16.511267
16.518815
16.531227
16.542152
16.530740
16.516816
16.494125
16.474180
16.495540
16.495002
16.516508
16.494242
16.510552
16.527346
16.517538
16.512910
16.531878
16.519568
16.503097
16.535546
16.521479
16.530599
16.554004
16.547515
16.547131
16.560799
16.554845
16.582956
16.573815
16.555896
16.551016
16.585397
16.601907
16.591000
16.609416
16.603146
16.621454
16.625850
16.641784
16.628106
16.650221
16.644324
16.673795
16.666554
16.681892
16.684674
16.681226
16.683615
16.691901
16.670849
16.643703
16.631788
16.613416
16.581890
16.566843
16.552195
16.539234
16.528363
16.529702
16.542689
16.542847
16.543588
16.527722
16.539935
16.541020
16.551927
16.545404
16.552311
16.540712
16.547114
16.575843
16.588080
16.571938
16.597595
16.614147
16.619699
16.591859
16.580323
16.549814
16.547246
16.571175
16.575086
16.548122
16.569102
16.555652
16.541295
16.512728
16.524327
16.532565
16.540793
16.552562
16.543528
16.523831
16.508584
16.506164
16.503062
16.505754
16.511214
16.498314
16.501825
16.495126
16.500035
16.465409
16.490649
16.476426
16.472891
16.457454
16.443610
16.427455
16.441657
16.440089
16.409159
16.397537
16.369418
16.363409
16.326233
16.318439
16.299315
16.295630
16.283124
16.271011
16.317962
16.323796
16.350871
16.321226
16.316452
16.303488
16.291323
16.288921
16.310074
16.329736
16.318543
16.303684
16.312774
16.326209
16.338776
16.307777
16.312768
16.313807
16.334998
16.336815
16.326212
16.339141
16.351791
16.347183
16.352717
16.352438
16.353466
16.382802
16.406400
16.363661
16.360400
16.365964
16.354723
16.351141
16.360540
16.362153
16.371742
16.346587
16.348890
16.363763
16.354659
16.359212
16.359532
16.358970
16.384254
16.400190
16.412687
16.398055
16.382737
16.405494
16.423260
16.418090
16.414264
16.398671
16.420108
16.438610
16.441060
16.438489
16.434031
16.428297
16.436183
16.439529
16.442852
16.463820
16.466118
16.441047
16.462255
16.413973
16.405603
16.407702
16.385495
16.412693
16.417959
16.418590
16.399039
16.386917
16.449818
16.431540
16.465956
16.488035
16.464524
16.474265
16.473046
16.487843
16.498131
16.480129
16.486510
16.487422
16.460111
16.435323
16.426676
16.420331
16.422105
16.412836
16.415069
16.421881
16.404553
16.375427
16.360553
16.356819
16.342454
16.343808
16.324706
16.319255
16.331368
16.318857
16.319904
16.289382
16.307965
16.288194
16.292070
16.267528
16.271061
16.268041
16.292191
16.275737
16.263007
16.272921
16.263832
16.234534
16.246007
16.244508
16.236971
16.230919
16.230395
16.226564
16.240840
16.254150
16.234940
16.238156
16.233458
16.234340
16.221765
16.216588
16.198972
16.182300
16.163319
16.160386
16.151589
16.141294
16.140681
16.146667
16.167216
16.129000
16.128604
16.156134
16.163164
16.143019
16.124407
16.112554
16.122268
16.129580
16.117463
16.115065
16.114724
16.117032
16.092701
16.083072
16.083156
16.069285
16.060645
16.056660
16.060487
16.070308
16.070572
16.086427
16.090955
16.084125
16.063546
16.054758
16.049530
16.095392
16.083326
16.083996
16.067260
16.042816
16.044342
16.042108
16.041801
16.064695
16.034441
16.022219
15.998126
16.011277
15.998414
15.965126
15.956645
15.966540
15.953877
15.955434
15.949608
15.970391
16.001509
15.996631
15.996066
15.989979
15.961574
15.951889
15.956434
15.964252
15.971467
15.991376
15.980714
15.979653
15.981667
15.975889
16.010911
15.988956
15.969651
15.969760
15.984295
15.983448
15.983647
15.976647
15.978256
15.958172
15.950961
15.923475
15.915191
15.928409
15.946191
15.961624
15.989525
15.993587
15.950421
15.938681
15.942039
15.938083
15.921490
15.907483
15.902881
15.909970
15.898078
15.906862
15.908252
15.899678
15.916242
15.899144
15.868001
15.871301
15.863383
15.880279
15.886595
15.899583
15.902043
15.912104
15.896001
15.872449
15.856503
15.876973
15.890213
15.904110
15.912167
15.920051
15.923506
15.923993
15.914931
15.889024
15.894059
15.898773
15.893145
15.907530
15.866680
15.852302
15.836282
15.847430
15.852737
15.836527
15.849478
15.851309
15.852128
15.864983
15.861307
15.867931
15.844302
15.829595
15.827717
15.842773
15.823355
15.826686
15.804010
15.780629
15.760789
15.762361
15.747331
15.740605
15.726337
15.757141
15.789123
15.787774
15.785961
15.775544
15.759060
15.767039
15.745701
15.748376
15.746810
15.754559
15.748634
15.744084
15.731664
15.709931
15.692065
15.711885
15.717299
15.726110
15.711292
15.715910
15.710508
15.733272
15.766603
15.781716
15.772536
15.741041
15.744195
15.735423
15.749769
15.771140
15.780436
15.765894
15.768410
15.754879
15.725587
15.740612
15.725875
15.725538
15.715567
15.701719
15.710828
15.709810
15.712949
15.707250
15.714428
15.719404
15.695675
15.706587
15.701950
15.727231
15.730308
15.726993
15.742222
15.734564
15.757730
15.742959
15.755687
15.737491
15.737839
15.736130
15.729360
15.713722
15.729763
15.734520
15.726162
15.738729
15.705136
15.717220
15.734166
15.732761
15.695363
15.710977
15.706625
15.717931
15.728848
15.737628
15.742448
15.723607
15.707852
15.719450
15.704295
15.712801
15.728999
15.712683
15.716574
15.717267
15.745025
15.769040
15.753180
15.707403
15.732612
15.734311
15.725411
15.739190
15.754093
15.763124
15.754046
15.762280
15.760339
15.782811
15.786031
15.797928
15.803888
15.802743
15.799361
15.799013
15.808368
15.814961
15.831406
15.850332
15.836706
15.853019
15.887320
15.895519
15.905365
15.923413
15.912211
15.937804
15.916187
15.908764
15.887647
15.890786
15.895494
15.917817
15.930645
15.926387
15.912267
15.893062
15.871024
15.871970
15.885271
15.896055
15.896826
15.903644
15.897463
15.915414
15.892797
15.882315
15.871028
15.885589
15.871757
15.841285
15.837822
15.860574
15.872007
15.866218
15.869538
15.863061
15.868573
15.861724
15.872332
15.895993
15.927068
15.912468
15.894145
15.871905
15.858214
15.859682
15.853063
15.822838
15.834104
15.839652
15.853647
15.867222
15.881470
15.916930
15.933314
15.945819
15.935510
15.942543
15.911921
15.908918
15.901793
15.915882
15.904317
15.896879
15.868032
15.863738
15.856220
15.875939
15.886688
15.875898
15.884735
15.884455
15.877130
15.878775
15.898199
15.860657
15.853789
15.847801
15.894838
15.877228
15.906426
15.920708
15.950128
15.950946
15.958678
15.951450
15.952492
15.969763
15.969088
15.972637
15.999403
16.008762
16.013400
16.006212
16.050506
16.038139
16.032439
16.042267
16.022557
16.009973
16.032459
16.034535
16.033411
16.049407
16.039405
16.049189
16.063896
16.047449
16.025424
16.003357
16.014985
15.996774
15.987977
15.965272
15.958294
15.959436
15.952480
15.960809
15.958049
15.979059
15.967254
15.987224
15.979812
15.979145
15.984364
15.993767
15.987048
16.037425
16.031500
16.025321
16.008047
16.025421
16.012845
16.049303
16.086502
16.085331
16.096147
16.081098
16.067359
16.064754
16.073964
16.069212
16.070310
16.106607
16.095732
16.096781
16.074491
16.073750
16.073558
16.056641
16.063848
16.074450
16.067389
16.035007
16.040899
16.059266
16.089336
16.082840
16.102370
16.076650
16.058376
16.063653
16.058249
16.040355
16.036271
16.033631
16.036849
16.030124
16.048668
16.046061
16.111100
16.109695
16.113422
16.111159
16.101101
16.088570
16.103400
16.123824
16.107630
16.082682
16.083674
16.076330
16.080842
16.077443
16.040221
16.059244
16.061217
16.038476
16.021273
16.023035
16.044501
16.039227
16.039245
16.037541
16.054159
16.058709
16.072916
16.093544
16.105814
16.096864
16.114856
16.070099
16.098800
16.076414
16.095911
16.077114
16.079523
16.084457
16.091459
16.087672
16.096866
16.072082
16.063816
16.062411
16.033928
16.007436
16.012203
15.989328
15.983669
15.982382
15.972681
15.970540
15.974445
15.976268
15.996630
15.999643
15.990466
15.987992
15.983168
15.978133
15.967165
15.968102
15.977341
15.965283
15.987847
16.022553
16.028027
16.029504
16.016226
16.024159
15.991890
15.987332
15.963356
15.959986
15.926432
15.921740
15.926697
15.924934
15.938614
15.941753
15.951161
15.966641
15.961457
15.980225
16.028069
16.022923
16.050437
16.060623
16.052401
16.050759
16.029738
16.089767
16.104308
16.096627
16.089833
16.092250
16.074495
16.047901
16.050172
16.025105
16.020024
16.021209
16.022781
16.037702
16.027853
16.014716
16.019928
15.999603
15.997337
16.004151
15.977736
15.982816
15.966298
15.952155
15.983423
15.968285
15.959420
15.968726
15.999342
16.000061
16.005205
15.994702
16.007603
16.014533
16.042554
16.043143
16.038935
16.044392
16.017511
16.006974
16.032731
16.063628
16.050499
16.073762
16.074484
16.067289
16.060363
16.048203
16.043279
16.068423
16.087706
16.074680
16.089255
16.092585
16.078174
16.092418
16.085020
16.080785
16.074875
16.082837
16.071214
16.061599
16.059601
16.056974
16.069954
16.056644
16.048741
16.049111
16.064772
16.068582
16.098379
16.102456
16.094918
16.079340
16.072505
16.078176
16.078083
16.073889
16.082131
16.044290
16.036783
16.049369
16.040417
16.060661
16.074223
16.067242
16.027232
16.058164
16.052949
16.047930
16.040114
16.080672
16.043033
16.017048
16.007001
16.010545
16.029013
16.002627
15.989076
16.009606
16.034712
16.073882
16.057462
16.043328
16.061619
16.045686
16.038718
16.032567
16.028230
16.000445
15.985147
15.984142
15.953174
15.980117
16.011660
16.018483
15.994586
16.000594
15.995300
15.987046
15.972385
16.003248
16.012015
15.986573
15.976201
15.963433
15.987388
15.978039
15.959021
15.954481
15.969254
15.973177
15.982636
15.962773
15.965868
15.983370
16.003496
16.004082
15.995920
16.011604
16.006359
16.005312
15.991480
15.970258
15.931669
15.934632
15.951579
15.964439
15.966346
15.993134
15.946066
15.934794
15.928590
15.932139
15.945308
15.946975
15.960233
15.985481
15.905724
15.901968
15.920541
15.914608
15.931324
15.931878
15.931833
15.920318
15.925866
15.935085
15.933203
15.925065
15.935117
15.934169
15.934415
15.925444
15.925850
15.947843
15.937222
15.937022
15.936418
15.940842
15.928878
15.908327
15.908811
15.916842
15.924334
15.932367
15.938547
15.980264
15.962701
15.963563
15.954982
15.953380
15.953937
15.965501
15.957687
15.953624
15.958502
15.931378
15.929866
15.928627
15.931928
15.926068
15.923775
15.901599
15.906661
15.882043
15.894163
15.880730
15.885875
15.892066
15.870954
15.875858
15.880115
15.882679
15.869216
15.880586
15.880874
15.902558
15.896781
15.880461
15.890211
15.917591
15.914015
15.914588
15.916633
15.917117
15.919691
15.928278
15.960320
15.973823
15.979537
15.965708
15.954815
15.958420
15.935614
15.940830
15.930980
15.967376
15.957993
15.946875
15.940439
15.959701
15.971760
16.039149
16.048304
16.039073
16.012946
16.022403
16.030191
16.024266
16.023414
16.029634
16.012901
16.008409
16.006002
16.008404
16.010758
16.013789
16.009771
16.006845
16.005755
16.024978
16.030594
16.019010
16.029543
16.030445
16.029642
16.019324
16.028078
16.011555
15.994858
16.021527
16.035033
16.043177
16.061489
16.059565
16.054217
16.063801
16.063964
16.059961
16.036932
16.035218
16.009731
16.014953
16.028225
16.050056
16.048999
16.061812
16.077243
16.082997
16.075316
16.065561
16.057735
16.023496
16.012668
15.923757
15.918997
15.902854
15.914985
15.923093
15.915275
15.876744
15.880791
15.853588
15.855231
15.851162
15.848275
15.846202
15.846700
15.831086
15.824820
15.805586
15.797441
15.788343
15.795890
15.793908
15.789998
15.784389
15.786195
15.784667
15.765285
15.765247
15.779479
15.748502
15.751710
15.756934
15.740003
15.763032
15.718714
15.722409
15.703462
15.709963
15.709498
15.728434
15.723978
15.702207
15.665510
15.675589
15.637896
15.651605
15.648793
15.649875
15.644401
15.665287
15.666717
15.684444
15.692382
15.687867
15.689347
15.683829
15.720608
15.733895
15.740177
15.745757
15.761588
15.775465
15.781950
15.788899
15.796215
15.816561
15.816193
15.833734
15.841938
15.847414
15.851601
15.847802
15.882912
15.870714
15.847170
15.849773
15.863890
15.869350
15.841199
15.849894
15.856530
15.870070
15.868134
15.909581
15.904662
15.883640
15.871560
15.882023
15.872746
15.853690
15.849426
15.848259
15.872811
15.875136
15.888037
15.897047
15.871952
15.843470
15.852507
15.855278
15.859220
15.861958
15.824328
15.829441
15.840179
15.856835
15.867479
15.886255
15.883017
15.858648
15.832639
15.823307
15.828379
15.813037
15.820049
15.808714
15.811619
15.795943
15.788222
15.782323
15.807679
15.811083
15.806050
15.808177
15.776239
15.790706
15.735543
15.731055
15.722166
15.714403
15.717199
15.715344
15.760181
15.740773
15.751228
15.740130
15.736317
15.718274
15.740225
15.751840
15.750234
15.765118
15.768262
15.761037
15.782531
15.777047
15.777671
15.774241
15.791280
15.783989
15.772133
15.787605
15.773549
15.780303
15.782646
15.768887
15.830994
15.805843
15.804361
15.793649
15.832514
15.826137
15.810835
15.831742
15.822356
15.826082
15.852654
15.861225
15.887454
15.884622
15.899629
15.910814
15.906702
15.888997
15.873025
15.875841
15.875840
15.858746
15.844978
15.856320
15.843432
15.855271
15.860003
15.834117
15.855814
15.858987
15.859607
15.864349
15.855455
15.877571
15.894366
15.901998
15.897857
15.911437
15.938183
15.941087
15.937663
15.961224
15.993970
15.994844
16.021860
16.030583
16.041197
16.039261
16.043937
16.069465
16.075133
16.080471
16.074955
16.100448
16.086149
16.092474
16.073975
16.080023
16.069311
16.069256
16.083839
16.090999
16.116325
16.106352
16.105167
16.114697
16.087801
16.089055
16.094743
16.035153
16.033458
16.056810
16.082870
16.052448
16.055177
16.077565
16.102764
16.099275
16.113842
16.099309
16.108557
16.103092
16.115693
16.112471
16.129424
16.120966
16.103125
16.112982
16.092302
16.086589
16.114489
16.135207
16.148634
16.120705
16.117796
16.102603
16.057098
16.080882
16.088797
16.119170
16.074647
16.065189
16.064675
16.058810
16.034223
16.044305
16.085659
16.080889
16.076956
16.104040
16.130110
16.136812
16.142953
16.160300
16.179958
16.180673
16.205725
16.203047
16.191349
16.189070
16.189621
16.177615
16.187989
16.180525
16.186927
16.197625
16.182063
16.219886
16.221106
16.221782
16.226683
16.236999
16.270970
16.284306
16.300944
16.304851
16.311212
16.307884
16.305452
16.312490
16.284202
16.290710
16.302010
16.370301
16.339613
16.339723
16.338318
16.306957
16.310933
16.319831
16.287579
16.343650
16.318715
16.280158
16.265707
16.256818
16.255258
16.248762
16.248154
16.258658
16.241503
16.241354
16.233235
16.222575
16.227113
16.229645
16.205363
16.206674
16.193829
16.182540
16.202953
16.204862
16.215966
16.212779
16.233223
16.241322
16.243396
16.236309
16.224953
16.237067
16.250569
16.237462
16.219504
16.225946
16.229192
16.233533
16.233584
16.228280
16.230564
16.230492
16.219790
16.217839
16.184593
16.213236
16.219050
16.206284
16.191615
16.201653
16.173057
16.168085
16.183530
16.186371
16.181350
16.193242
16.193560
16.216646
16.203263
16.215125
16.213913
16.207720
16.237365
16.235377
16.233808
16.215882
16.226342
16.188727
16.181048
16.198364
16.214394
16.231918
16.207645
16.204242
16.206023
16.191260
16.199104
16.214075
16.233680
16.197644
16.209921
16.195598
16.186626
16.196810
16.195279
16.205654
16.230318
16.229590
16.233182
16.240860
16.234352
16.253284
16.273368
16.281615
16.267757
16.257601
16.238799
16.239457
16.230589
16.209316
16.214654
16.212665
16.234279
16.226604
16.230504
16.244753
16.245799
16.233882
16.235575
16.254023
16.242961
16.247164
16.258342
16.263512
16.254219
16.256072
16.273771
16.279494
16.284132
16.302889
16.275404
16.226406
16.264913
16.238722
16.270399
16.276178
16.256411
16.253175
16.244067
16.247313
16.248511
16.261589
16.297723
16.261730
16.266208
16.265897
16.246028
16.252888
16.245414
16.248385
16.264559
16.267278
16.271455
16.258819
16.239319
16.224068
16.254130
16.270111
16.280100
16.277010
16.277915
16.283521
16.265230
16.273019
16.271075
16.274653
16.278590
16.303293
16.302155
16.304770
16.306772
16.301126
16.313105
16.315255
16.315394
16.310743
16.311880
16.325545
16.333497
16.320568
16.316083
16.324060
16.338910
16.343847
16.383827
16.383047
16.367514
16.354127
16.348400
16.351751
16.340582
16.363216
16.363787
16.377897
16.396899
16.408179
16.389842
16.392143
16.405722
16.404506
16.395512
16.387442
16.376839
16.364365
16.374242
16.366238
16.402477
16.419290
16.433640
16.437073
16.427985
16.419618
16.416430
16.390230
16.427105
16.417066
16.453266
16.458011
16.474618
16.474137
16.431884
16.446858
16.442219
16.407451
16.409462
16.430418
16.435864
16.430039
16.447591
16.431308
16.445122
16.447800
16.422304
16.416275
16.440077
16.437735
16.432077
16.455264
16.482827
16.446484
16.438528
16.444008
16.456613
16.450103
16.469260
16.479296
16.480075
16.516680
16.533284
16.535718
16.527851
16.538279
16.546980
16.528588
16.551521
16.533020
16.525291
16.532199
16.540466
16.548053
16.556196
16.571368
16.550577
16.518894
16.523960
16.532921
16.545088
16.528074
16.518735
16.507865
16.506502
16.510898
16.540394
16.520014
16.567732
16.584816
16.569196
16.583665
16.564066
16.571740
16.596417
16.600652
16.610727
16.579104
16.560777
16.550368
16.521898
16.483325
16.471536
16.460997
16.461365
16.461250
16.468223
16.459309
16.453304
16.453299
16.456213
16.461315
16.482200
16.499926
16.478403
16.458213
16.466897
16.473775
16.459893
16.455452
16.452734
16.451481
16.441522
16.424600
16.430759
16.447023
16.464264
16.424042
16.386946
16.454332
16.470238
16.434284
16.446716
16.469677
16.450022
16.462751
16.455057
16.455997
16.460559
16.456648
16.475138
16.475816
16.476342
16.462563
16.477745
16.459087
16.456745
16.469678
16.462226
16.451653
16.477726
16.475987
16.468133
16.473382
16.489863
16.443579
16.437761
16.415824
16.423976
16.420035
16.429261
16.436221
16.443020
16.422593
16.439405
16.442814
16.453657
16.429130
16.439979
16.455810
16.461930
16.450496
16.453867
16.443163
16.462692
16.431230
16.438604
16.420051
16.443014
16.439574
16.431741
16.423099
16.423265
16.444660
16.457349
16.470330
16.467694
16.472438
16.482059
16.481686
16.486765
16.484490
16.466280
16.484627
16.465656
16.464347
16.498581
16.521771
16.510759
16.519162
16.518335
16.527117
16.543816
16.534955
16.508651
16.523964
16.501813
16.484117
16.492084
16.475051
16.456888
16.458993
16.470268
16.467128
16.485905
16.475743
16.462759
16.447020
16.446220
16.438284
16.450106
16.435582
16.422488
16.426213
16.433463
16.407303
16.407279
16.399145
16.397614
16.404349
16.402075
16.397398
16.372434
16.354736
16.388883
16.422941
16.404792
16.439841
16.444374
16.437714
16.440074
16.434520
16.431724
16.431949
16.451002
16.450241
16.462050
16.477604
16.464106
16.472371
16.488231
16.472672
16.475954
16.471396
16.451955
16.424585
16.433235
16.451671
16.482586
16.469867
16.466363
16.463055
16.459070
16.449072
16.428184
16.429335
16.441925
16.460198
16.476925
16.481324
16.457363
16.472065
16.476183
16.491579
16.501801
16.489128
16.485115
16.469377
16.485458
16.541260
16.555398
16.539293
16.539032
16.536656
16.543215
16.535835
16.522252
16.535259
16.547414
16.525970
16.519213
16.504969
16.498566
16.474696
16.462629
16.470858
16.452619
16.492967
16.486113
16.484986
16.465956
16.467849
16.519140
16.573215
16.578456
16.565638
16.583665
16.537355
16.531086
16.520219
16.531990
16.515022
16.489411
16.486186
16.489538
16.491408
16.468638
16.470137
16.449227
16.464772
16.468145
16.471302
16.459982
16.469355
16.467386
16.462148
16.435864
16.430598
16.425367
16.418786
16.407574
16.411330
16.404826
16.384273
16.393386
16.398642
16.388128
16.390112
16.386642
16.381198
16.378681
16.365395
16.364449
16.362632
16.368653
16.343671
16.323762
16.311577
16.307818
16.295103
16.280334
16.246680
16.251289
16.223058
16.212842
16.208340
16.209422
16.224514
16.215875
16.209534
16.253269
16.259905
16.296335
16.266933
16.248994
16.244118
16.246948
16.258484
16.305574
16.311760
16.316500
16.322666
16.291415
16.295476
16.302024
16.318520
16.312061
16.319864
16.328843
16.352001
16.312007
16.336897
16.343602
16.348052
16.353082
16.358165
16.349955
16.350669
16.346784
16.336209
16.327285
16.296499
16.297395
16.353636
