13.879674
13.892466
13.809773
13.656511
13.786875
13.756734
13.778366
13.798338
13.904501
13.821583
13.683486
13.669810
13.668387
13.647409
13.658438
13.739415
13.669063
13.636029
13.668252
13.720909
13.663741
13.711213
13.708659
13.848701
13.712780
13.813465
14.067456
14.108538
14.262225
14.074017
14.098720
14.198068
14.151226
14.178130
13.942120
13.897325
13.840865
13.975189
14.024397
14.208344
14.241587
14.282466
14.350791
14.222385
14.182493
14.344936
14.455836
14.471341
14.733192
14.869956
14.766852
14.953194
15.053742
14.980633
14.789433
14.785220
14.832790
14.714294
14.671740
14.618748
14.780376
14.768893
14.820083
14.785121
15.122512
14.996839
15.035220
15.099857
15.176409
15.081682
15.123771
15.093663
15.282366
15.481703
15.454380
15.454245
15.644494
15.605919
15.426154
15.709398
15.709398
15.297765
15.390259
15.414909
15.235881
15.135629
15.102697
15.100402
15.322391
15.275745
15.313140
15.361490
15.371703
15.375100
15.610189
15.682297
15.310331
15.123130
15.072998
15.019724
15.261092
15.118972
15.138212
15.362744
15.128663
15.036098
15.239812
15.118875
15.071108
15.181324
15.182529
15.316446
15.172612
15.243988
15.138224
15.117776
15.152689
15.166715
15.298985
15.267250
15.353560
15.259308
15.105501
15.102417
15.208733
15.298972
15.294795
15.272662
15.272662
15.177293
15.222014
15.275436
15.376123
15.525413
15.756998
15.623305
15.721273
15.777527
16.033386
16.104585
16.148109
16.207418
16.349849
16.317898
16.228510
16.529273
16.605402
16.595467
16.644228
16.409615
16.204247
15.893891
16.181954
16.387728
16.330291
16.234782
16.285763
16.180542
16.105814
16.158405
15.998737
16.000952
16.085767
16.231382
16.347997
16.355677
16.643877
16.581802
16.819015
17.028698
16.961205
16.986838
16.668828
16.911532
16.846625
16.691337
16.676163
16.891177
16.664235
16.423318
16.498658
16.510123
16.182528
16.189149
16.184115
16.208137
16.253662
16.152890
16.221772
16.175193
16.269978
16.120239
16.211691
16.320472
16.550055
16.557578
16.882009
16.866273
16.988710
17.081514
17.043813
17.143651
16.529660
16.499241
16.026432
15.969192
15.850689
15.757493
15.849707
15.720279
15.729268
15.977594
15.717461
15.455093
15.682811
15.732122
15.907814
16.034356
15.905888
16.044883
16.032004
16.429065
16.219334
16.270497
16.242968
16.024473
16.136507
15.932389
15.809962
15.848847
15.705843
15.737093
15.784573
15.791486
15.732764
15.681132
15.653604
15.616896
15.798576
16.123709
16.012408
16.005993
15.889272
15.860239
15.594612
15.570589
15.571309
15.603144
15.699529
15.632046
15.638375
15.865763
15.891564
15.891564
15.877098
15.654084
15.781376
15.821080
15.812367
15.812367
15.754921
15.703188
15.608063
15.406373
15.626738
15.790870
15.902475
15.880356
16.135691
16.042695
16.052969
16.436048
16.496648
16.414847
16.467241
16.457216
16.546151
16.372023
15.854913
15.687935
15.389929
15.246046
15.342408
15.056466
15.144719
15.042464
15.566853
15.566853
15.377469
15.417567
15.236500
15.158746
15.129435
15.064654
15.106432
15.207983
15.140626
15.275000
15.339561
15.245418
15.225497
15.130604
15.213568
15.230194
15.725749
15.750310
15.783043
15.850070
16.002703
15.826629
15.701827
15.769204
15.734841
15.685198
15.816748
15.645359
15.624345
15.498847
15.542711
15.718268
15.898908
15.807318
15.709718
15.087470
15.066764
15.162128
15.164642
15.334966
15.289185
15.289185
15.182477
15.194514
15.115044
15.038178
15.034278
15.061513
15.111845
15.166804
15.265695
15.338548
15.325549
15.187075
15.168195
15.259197
15.288052
15.081247
15.202531
15.069586
15.110569
15.078565
14.997847
14.971883
14.989805
15.000296
14.877022
14.613284
14.586050
14.734057
14.555122
14.656110
14.714934
14.483840
14.341156
14.375073
14.238349
14.167855
14.235380
14.264140
14.243628
14.308573
14.335299
14.511496
14.448328
14.240053
14.285674
14.425663
14.566393
14.610215
14.631629
14.672325
14.754310
14.828118
15.041386
15.350359
15.247479
15.108254
15.194293
15.128565
15.084418
15.207041
15.246856
15.184267
15.296785
15.252863
15.317111
15.375548
15.355238
15.215895
15.294766
15.064160
15.135528
15.050213
15.086725
15.077428
15.467810
15.356902
15.512396
15.510001
15.486151
16.026300
15.976884
15.988462
16.012124
15.981424
15.976033
16.093977
16.390666
16.341000
16.322258
16.273891
16.510191
16.369958
16.480338
16.347578
16.266548
16.326772
16.253406
16.325841
16.267802
15.905151
15.824058
15.703676
15.691961
15.869711
15.857865
15.792154
15.783511
15.575995
15.635956
15.683383
15.687851
15.780833
15.932018
15.889052
16.193397
16.161268
16.285199
15.915460
15.815257
15.442021
15.445509
15.573524
15.603746
15.479328
15.525834
15.549103
15.751710
15.568549
15.560000
15.450628
15.583943
15.558630
15.441533
15.397241
15.431053
15.413906
15.393554
15.422650
15.359461
15.325015
15.345960
15.482965
15.524225
15.341269
15.343268
15.341223
15.497275
15.461927
15.807985
15.694490
15.873408
15.587996
15.605764
15.700255
15.606121
15.487342
15.098294
15.053141
15.168503
15.128576
15.287545
15.313134
15.267831
15.241458
15.254294
15.148184
15.332216
15.253966
15.317768
15.377282
15.313485
15.041768
15.053660
15.038084
14.886592
14.901037
15.030390
15.077250
15.438697
15.534368
15.419070
15.373034
15.624496
15.561184
15.543519
15.471088
15.497769
15.427275
15.468003
15.479543
15.525631
15.658681
15.631197
15.687905
15.520831
15.415430
15.252091
15.273405
15.216303
15.350105
15.425975
15.532658
15.432057
15.328138
15.436272
15.030421
15.046902
14.997578
14.984137
14.997051
14.976857
15.245929
15.127741
14.860910
14.969835
14.932131
15.087342
15.065373
15.059158
14.988187
14.984172
15.086378
14.953833
15.055484
15.172343
15.182669
15.105436
15.218396
15.262800
15.351069
15.190531
15.138329
14.962101
14.925332
15.294909
15.182389
15.259909
15.203334
15.201556
15.338261
15.231934
15.130647
15.047462
14.758484
15.192535
15.151097
15.113590
15.188934
15.204920
15.164444
15.262918
15.107771
15.100100
15.160137
15.069710
15.021601
14.929812
15.066593
15.214443
15.422907
15.608607
15.555537
15.103823
14.772001
14.893318
15.089291
15.187262
15.364058
15.289938
14.965417
14.864319
14.913033
15.414868
15.283080
15.476294
15.566304
15.490675
15.549983
15.593926
15.541104
15.691891
15.525308
15.425078
15.699125
15.452564
15.656902
15.809141
15.650532
15.609549
15.475752
15.345311
15.439627
15.268010
15.114756
15.049174
15.029393
15.017251
14.953124
14.915525
15.038754
14.986949
15.022303
15.148952
14.868463
15.025745
15.267995
15.236222
15.192643
15.201928
15.195743
15.274667
15.012400
15.356745
15.559564
15.688220
15.742810
15.772675
15.882379
15.752434
15.566252
15.381405
15.373195
15.496465
15.319685
15.342430
15.372576
15.403739
15.353698
15.187479
15.145042
15.243271
15.226006
14.897073
14.774544
14.329642
14.448560
14.409413
14.381811
14.392739
14.471147
14.527264
14.536240
14.563703
14.608792
14.659274
14.625376
14.514414
14.389064
14.639270
14.724617
14.652805
14.629804
14.371739
14.329242
14.258430
14.342714
14.138324
14.185660
14.323339
14.260524
14.278109
14.220521
14.235539
14.206460
14.208955
14.288552
14.268068
14.313553
14.119218
14.102942
14.077075
14.146445
14.099404
14.092525
14.381471
14.410864
14.900838
14.927856
14.867208
14.807339
14.729350
14.721584
14.812089
14.854227
14.971781
14.901804
14.905333
14.965316
14.987964
15.201239
15.305985
15.121751
15.053380
14.896139
14.918006
14.966983
14.988601
15.040174
14.822697
14.685648
14.324798
14.380866
14.363452
14.188030
14.243928
14.256397
14.211041
14.203239
14.114749
14.315686
14.427774
14.416666
14.112669
14.265747
14.584496
14.429717
14.350314
14.345571
14.378588
14.255427
14.407422
14.390336
14.500606
14.500606
14.580405
14.530940
14.536714
14.735274
14.703088
14.662789
14.719529
14.618414
14.527664
14.630966
14.537046
14.559874
14.588882
14.573661
14.590051
14.616808
14.615721
14.700283
14.549133
14.605592
14.605592
14.477119
14.500091
14.485910
14.455466
14.558004
14.515977
14.303135
14.190688
14.244207
14.213696
14.127769
14.096649
14.229862
14.383228
14.237008
14.312732
14.150623
14.183745
14.201583
14.201583
14.076342
13.788022
13.833354
13.918409
14.189039
14.140518
14.156734
13.900294
13.927139
13.977859
13.974684
13.881035
13.923143
13.921509
13.904860
13.919141
13.969904
13.969904
13.941848
13.767759
14.035933
14.113005
14.153019
14.232852
14.191288
14.240142
14.278229
14.294126
14.288089
14.344541
14.246372
14.545918
14.735633
14.727888
14.706026
14.657073
14.873474
14.882929
14.958013
15.050582
14.837915
14.765911
14.783303
14.772081
14.577702
14.622676
14.644835
14.706934
14.758687
14.784072
15.497138
15.513761
15.728843
15.718830
15.670031
16.192547
15.998714
15.908369
15.974284
15.917437
15.943784
16.186576
16.176462
16.494716
16.455510
16.723329
16.811240
16.563052
16.574602
16.640427
16.677108
16.733710
16.568256
16.600694
16.610577
16.661996
16.567499
16.371177
16.471421
16.521208
16.559088
16.930194
16.866496
16.895124
16.918870
16.955846
17.279588
17.338098
17.316315
17.260051
16.992899
17.036420
17.143399
17.048508
17.184118
17.079268
17.094583
16.928678
16.839809
16.845813
16.940272
16.878955
16.673355
16.389529
16.322242
16.716741
16.656745
16.656745
16.643563
16.526366
16.453789
16.176571
16.108005
16.183182
16.191716
16.455914
16.641562
16.515638
15.923620
16.221649
15.880704
15.481358
15.452804
15.738064
15.614322
15.635034
15.787682
15.709828
15.701924
15.285506
15.082088
15.274871
15.719221
15.722922
15.598822
15.541929
15.585053
15.623455
15.704805
15.784801
15.667231
15.290616
15.305734
15.239583
15.179409
15.192653
15.368189
15.543715
15.554870
15.601533
15.890134
16.089447
16.098756
15.824970
15.999977
16.656594
16.626929
16.551242
16.647400
16.447470
16.447470
16.671891
16.781982
16.439592
16.502033
16.460634
16.594903
16.152078
16.146142
16.103154
16.138801
16.061107
16.153739
16.177286
16.188685
16.059542
16.023377
16.013807
16.266740
16.278162
16.271764
16.375704
16.583861
17.163703
17.000017
17.029149
16.634404
16.672649
16.502910
16.400468
16.179061
16.152523
16.520222
16.402689
16.595061
16.564095
16.375235
16.436017
16.368273
15.929640
15.912500
15.500745
15.206194
15.049931
15.158079
15.201128
15.385491
15.366049
15.385236
15.261334
14.956413
15.171985
15.246619
15.174957
15.417343
15.413990
15.361297
15.265143
15.125603
15.227642
15.298726
15.203720
15.257803
15.313096
15.405949
15.489414
15.160562
15.248329
15.618253
15.672004
15.628276
15.406027
15.502531
15.582001
15.546889
15.537372
15.760387
15.725909
15.837154
15.797487
15.898849
15.970261
15.720270
15.835572
15.888214
15.667225
15.528066
15.360621
15.262216
15.357721
15.238310
15.536531
15.648054
15.509918
15.452801
15.223825
15.133431
15.166729
15.189755
15.235002
15.226688
15.268872
15.225157
15.196152
15.084458
15.141435
15.118390
15.229340
15.310980
15.259346
15.039080
15.091816
14.995819
14.974338
15.269710
15.514397
15.488150
15.744981
15.828463
15.761656
15.501064
15.350109
15.336943
15.229083
15.244236
15.147826
15.196010
15.306426
15.296751
15.278435
15.086779
15.111524
15.445334
15.469858
15.691652
15.808165
15.899695
15.856802
15.767253
15.579682
15.432075
15.432075
15.182505
15.183722
15.140939
15.081840
15.282080
15.281708
15.482593
15.495328
15.491197
15.482351
15.258616
15.170801
15.275273
15.386920
15.732344
15.866793
15.794640
15.878996
15.900316
15.802579
15.720258
15.432236
15.439765
15.434172
15.232215
15.339392
15.075776
15.302337
15.322824
15.349241
15.434655
15.473581
15.435247
15.440072
15.323562
15.323562
15.454561
15.505049
15.653917
15.836963
15.813490
15.758419
15.738457
15.491714
15.737016
15.683054
15.503341
15.529624
15.523261
15.497378
15.649318
15.666654
15.570759
15.337738
15.261585
15.028380
15.298841
15.232729
15.172113
15.172761
15.234953
15.122348
15.175928
15.093743
15.027052
15.045232
15.267886
15.351769
15.321224
15.454769
15.477047
15.550518
15.598487
15.581658
15.786883
15.668874
15.600789
15.829286
15.870914
16.056459
16.084386
16.163743
16.213280
16.416013
16.350358
16.479701
16.384616
16.434422
16.336509
16.852218
16.227552
16.298896
16.035625
16.139524
16.138567
16.116887
16.404798
16.246653
16.044978
16.174675
16.259562
16.234265
16.349942
16.403726
16.802290
17.001365
17.236206
17.166573
17.092541
16.933543
16.665407
16.734626
16.929482
16.929482
16.907072
16.815268
16.692249
16.761628
16.833643
16.901154
17.034881
17.203403
17.298590
17.276927
16.876706
16.610521
16.725309
16.430973
16.755603
16.620475
16.703022
16.762110
16.988042
17.138353
17.007211
17.040688
16.978948
16.989991
16.996371
16.899258
16.224556
15.985334
16.069317
16.087721
15.621706
15.550968
15.417266
15.425836
15.417859
15.381839
15.405633
15.437246
15.497605
15.230729
15.139336
15.149930
15.257101
14.905386
14.820675
14.848964
14.846064
14.892895
14.795648
14.783238
15.444570
14.896876
14.960676
14.934421
14.679733
14.600751
14.606572
14.975544
15.038011
14.990710
15.110416
15.095604
14.948078
15.133334
15.190775
15.190775
15.235357
15.131456
15.148042
15.053602
15.003408
15.036581
14.706318
14.705269
14.729516
14.690478
15.059246
15.115506
15.347340
15.459788
15.419685
15.301944
15.279248
14.944642
14.918470
15.053981
15.216009
15.440829
15.506162
15.210083
15.187883
15.121848
15.108537
15.230268
15.661762
15.661591
15.978024
15.885597
15.878988
15.808765
15.668570
15.583682
15.483500
15.381636
15.292052
15.257801
15.279747
15.455850
15.510301
15.665820
15.565431
15.616386
15.675597
15.417673
15.710752
15.698078
15.835428
15.931832
16.042878
16.072476
16.210405
16.326773
16.350231
16.463002
16.408392
16.431704
16.588025
16.655986
16.444825
16.428082
16.318126
16.201755
15.954513
15.887462
15.789041
15.706237
15.744723
15.996182
16.183295
16.170261
16.299825
16.086397
16.022411
16.064370
16.223722
16.263522
16.230678
16.712609
16.702720
16.919056
16.419386
16.455689
16.353819
16.117307
16.163520
16.111593
16.497871
16.422658
16.308359
16.244183
15.974397
16.085131
16.048226
16.062058
15.929601
16.249317
16.226993
16.565074
16.473935
16.476423
16.589035
16.589789
16.347974
16.221884
16.250072
16.366333
16.322304
16.602898
16.700414
16.647331
16.572664
16.550168
16.609609
16.495682
16.494343
16.590810
16.414250
16.292069
16.306481
16.278820
16.170928
16.204749
16.118238
16.128552
16.103048
16.076880
15.983117
16.083056
16.083056
16.095502
16.115701
16.135990
16.205268
15.943377
15.925004
15.992606
16.081552
15.681873
15.676310
15.730226
15.832643
15.895442
15.865683
15.969622
16.071394
16.147380
16.020990
15.859985
16.030769
15.899627
15.798541
15.877186
15.918011
15.708353
15.991368
16.017651
16.197733
16.214799
16.454294
16.645517
16.727122
16.709136
17.137174
17.467536
17.191318
17.096492
17.005010
17.109581
16.878867
16.948425
16.925348
16.844557
16.771599
16.524192
16.383198
16.455829
16.483116
16.401283
16.191611
16.204258
16.541822
16.938928
17.037586
17.119261
17.419666
17.600315
17.562779
17.353801
17.029464
17.032623
16.932215
17.195846
17.138970
17.126225
16.903666
16.765290
17.059912
17.079226
17.055794
17.285732
17.164122
17.145172
17.222262
17.126214
17.023802
17.137987
16.726738
16.674631
16.561504
16.525121
16.482746
16.615137
16.481878
16.545761
16.518902
16.545077
16.560803
16.863523
17.007649
16.978045
16.817580
17.032816
17.054057
17.054057
17.018213
17.031834
16.959662
16.979232
16.442866
15.919342
15.865147
15.764053
15.744203
15.686780
15.827444
15.570484
15.656699
16.024883
15.896698
15.867649
15.764430
15.875685
15.838727
15.843763
16.087555
16.151828
16.156785
16.165166
16.560068
16.619073
16.412470
16.449093
16.611984
16.581032
16.642565
16.551207
16.481554
16.223546
16.473365
16.553188
16.483541
16.969466
16.949640
16.874851
16.786559
16.706206
16.870202
16.811146
16.854993
17.154802
17.108508
16.920900
17.027794
17.252350
17.048948
16.963577
16.303755
16.261399
16.108892
16.098298
16.254754
16.445170
16.711424
16.607827
16.773726
16.478826
16.131289
16.118360
16.503567
16.276361
16.311448
16.117523
16.029403
16.013484
15.940192
15.907261
15.833516
15.905335
15.552966
15.478108
15.492660
15.491770
15.338522
15.211869
15.074375
15.072022
15.032441
15.023750
15.051043
14.877036
14.662591
14.657827
14.647854
15.182261
15.279492
15.309265
15.249539
15.361218
15.242003
15.265588
15.172332
15.275110
15.100307
14.993138
14.885612
14.992827
15.043011
15.085501
15.384026
15.170204
15.021513
14.858637
15.158265
15.125496
15.066903
15.071817
14.822175
14.612410
14.686164
14.458427
14.478208
14.494806
14.494806
14.604715
14.876401
14.700211
14.918326
14.740793
14.710106
14.497298
14.474043
14.511118
14.535076
14.554930
14.620507
14.689485
14.791590
14.814342
14.834774
14.792892
14.859070
15.125612
15.057892
14.743559
14.684918
14.820438
14.700709
14.636603
14.497517
14.743083
14.719362
14.727647
14.691315
14.723588
14.864192
14.864192
14.914106
14.796778
15.185550
15.188540
15.332654
15.026047
14.967537
15.034808
15.007410
15.118169
15.228526
15.404635
15.322127
15.302803
15.011603
14.796829
14.786057
14.550455
14.463578
14.495945
14.480249
14.486899
14.623224
14.525688
14.410363
14.445347
14.519700
14.661917
14.385132
14.406164
14.412068
14.412068
14.284563
14.408823
14.366779
14.400139
14.402438
14.278202
14.198920
14.260162
14.143092
14.190271
14.181654
14.162262
14.290826
14.412853
14.372765
14.475288
14.424814
14.498768
14.498106
14.448405
14.520691
14.482538
14.473177
14.505360
14.685229
14.740054
14.483357
14.488130
14.566270
14.372175
14.419214
14.536340
14.507546
14.650536
14.635004
14.586597
14.543035
14.541367
14.486596
14.681213
14.623943
14.605635
14.423562
14.480939
14.581778
14.568694
14.561065
14.427061
14.632987
14.626091
14.642635
14.532100
14.514272
14.836697
14.745541
14.771701
14.925693
14.877013
14.666954
14.626644
14.613293
14.504644
14.566680
14.531533
14.596974
14.801990
14.816377
14.712343
14.941553
15.057321
14.929688
14.997198
15.085143
15.148031
15.224634
14.909482
14.830667
14.815666
15.017339
14.936330
14.786965
14.758300
14.657391
14.488345
14.485055
14.893058
14.943357
14.827285
15.024442
15.089380
15.179446
15.093303
14.985520
14.828576
14.924005
14.907379
14.907379
14.796099
14.526237
14.498163
14.543464
14.607862
14.859445
14.943382
14.836204
14.766158
14.746084
15.162220
15.249593
15.318860
15.497173
15.702618
15.457925
15.682898
15.664571
15.734757
15.773645
15.797378
15.883669
15.938337
16.028633
16.381547
16.329961
16.352598
16.411681
16.291870
16.452881
16.623747
16.684272
16.922239
16.766169
16.697041
16.616012
16.588300
16.484716
15.995440
15.910961
15.944334
15.977491
16.057639
15.924275
16.013802
16.060142
16.008600
15.962119
15.957992
16.040225
16.296594
16.211090
15.947406
15.859132
16.416808
16.340137
16.299864
16.323439
16.450251
16.447490
16.393416
16.408701
16.402115
16.656194
16.662196
16.567284
16.511905
16.301578
16.273730
16.324696
16.291572
16.326171
16.301584
16.340687
16.297917
16.444301
16.243030
16.313406
16.223047
16.449808
16.224672
16.207480
16.364992
16.364992
16.728619
16.445170
16.600086
16.554840
16.838963
16.891717
16.764407
16.711016
16.613118
16.632929
16.775157
16.750159
17.053853
16.435559
16.460163
16.235138
16.226571
16.161268
16.167878
16.262669
16.364375
16.349699
16.139119
15.822853
15.739738
15.648474
15.639436
15.657628
15.654243
15.335533
15.224394
15.227970
15.388778
15.436069
15.320015
15.229912
15.319267
15.372213
15.315204
15.385349
15.320930
15.309097
15.377872
15.629874
15.558746
15.496525
15.445544
15.675744
15.798633
15.886526
15.955989
15.694285
15.739986
15.453095
15.403630
15.304498
15.286862
15.317794
15.278034
15.255432
15.263364
14.968933
14.878935
14.969063
14.992820
14.843899
14.843899
14.968610
14.786055
14.673319
14.663934
14.685834
14.695464
14.582587
14.517027
14.627508
14.573769
14.340663
14.453500
14.453500
14.543568
14.389912
14.263982
14.219550
14.342101
14.480318
14.405062
14.266461
14.344707
14.125148
14.103458
14.198803
14.284174
14.119300
14.145179
14.251230
14.264112
14.278160
14.409382
14.432667
14.431623
14.436597
14.314064
14.427271
14.482136
14.650936
14.598701
14.724769
14.619115
14.624184
14.468882
14.683855
14.755954
14.596648
14.639851
14.614750
14.685214
14.703343
14.741880
14.817260
14.839964
14.882850
15.198977
15.258732
15.528432
15.480307
15.586167
15.506109
15.499210
15.568896
15.521799
15.514827
15.529932
15.537355
15.606283
15.588719
15.630736
15.506256
15.466323
15.706257
15.714683
15.662543
15.862013
15.707400
15.418160
15.383596
15.478782
15.599538
15.599538
15.731942
15.453217
15.447046
15.193842
15.298439
15.058241
15.079846
14.889154
14.915950
15.032535
14.997396
14.832704
14.978619
14.939194
14.908094
14.796492
14.800052
15.098299
15.294226
15.254057
15.104582
15.225333
15.321606
15.355526
15.418318
15.448584
15.178621
15.155803
15.514335
15.358853
15.792841
16.216211
16.525885
16.645252
16.929113
16.699736
16.917207
16.688672
16.488462
16.248432
16.265577
15.827096
15.494637
15.579191
15.729475
15.830231
15.758851
15.941457
15.858917
15.965458
15.988021
16.042701
16.210051
16.259903
16.020425
16.086026
16.397946
16.318227
16.230703
16.214293
16.116725
15.823492
15.964200
16.056659
16.359246
16.277264
16.125829
16.571627
16.504124
16.409482
16.632783
16.832786
17.023355
16.749632
16.687324
16.692401
16.488100
16.647516
16.498363
16.627251
16.877225
16.882747
16.829533
16.600494
16.885172
17.087412
17.318533
16.998139
16.903391
16.829086
16.812109
16.962497
16.791055
16.755708
16.652475
16.715282
16.667886
16.610295
16.642307
16.340137
16.465354
16.317501
16.472008
16.664402
16.527117
16.738627
16.562042
16.485713
16.320132
16.484544
16.522494
16.682024
16.964082
16.769093
16.628876
16.844695
16.585214
16.405926
16.219059
16.235921
16.169520
16.159118
16.118596
16.239956
16.203528
16.260895
16.465586
16.408017
16.332342
16.024025
15.982638
15.983031
15.924385
15.693541
15.738316
15.998884
15.969204
16.024002
15.770584
15.862471
15.951939
15.798437
15.627777
15.835127
15.583744
15.716483
16.000034
15.962900
16.001803
16.111846
16.095122
15.901064
15.931687
15.939528
15.958024
15.876860
16.118919
16.008798
15.794177
15.692991
15.689347
15.606475
15.482196
15.651131
15.715950
15.670748
15.714932
15.626009
15.443255
15.402644
14.776414
14.742348
14.620040
14.579996
14.684927
14.758579
14.569001
14.518541
14.470211
14.273778
14.271520
14.079369
14.125389
14.115881
14.025945
13.923572
13.979745
13.837822
13.923219
13.896145
13.789248
13.806210
13.798377
13.861217
13.861217
13.760853
13.584073
13.392543
13.304008
13.553807
13.717422
13.737527
13.730976
13.814459
13.806283
13.898982
13.949873
13.982613
13.990736
14.011499
14.053409
14.019189
13.886135
13.875969
13.950757
14.030893
13.941559
13.791106
13.762448
13.743856
13.734423
13.734423
13.716407
13.804848
13.852022
13.908296
13.915450
13.866244
13.960171
13.898260
13.814800
13.845583
13.983751
14.176726
14.078288
13.938047
13.983995
14.044933
14.585266
14.620839
14.453906
14.459967
14.645332
14.626443
14.545128
14.480884
14.209012
13.904574
13.925092
13.844710
13.959343
14.011005
13.958069
14.149330
14.011800
14.008798
14.071119
14.051141
14.093305
14.129363
14.207686
14.371100
14.601304
14.569895
14.166976
14.332363
14.374388
14.657948
14.754818
14.856060
14.957185
14.902889
14.846441
14.586087
14.817939
14.707251
14.521412
14.389219
14.235901
14.608850
14.560639
14.684725
14.871589
14.790317
14.706950
14.764423
14.791006
15.079402
15.266261
14.954177
14.923490
14.775199
14.818283
14.735685
14.896387
15.179419
15.082794
15.026468
15.129232
15.449791
15.343065
15.285541
15.023740
14.572691
14.614260
14.769364
14.650040
14.822816
14.687505
14.705333
14.955210
15.130899
15.193364
15.023037
15.194478
15.486631
15.486482
15.328659
15.359800
15.385224
15.468508
15.713399
15.717613
15.742319
15.763922
15.866732
15.733453
15.713144
15.558278
15.570622
15.584053
15.657011
15.750947
15.970349
16.144499
16.057571
15.997679
15.932992
15.916183
15.875973
16.382763
16.395732
16.408158
16.324237
16.239971
16.239971
16.231989
16.273122
16.316274
16.519399
16.388881
16.209462
16.094429
16.025841
16.100004
16.023791
16.160004
16.066860
16.144983
16.170477
16.284346
16.174136
16.789004
16.833588
16.723246
16.827954
16.829154
16.966393
17.083280
17.161140
17.263306
16.899981
16.799364
16.546462
16.347465
16.164453
16.161836
16.195401
16.184470
16.098615
16.123241
16.032976
15.893105
15.959748
15.922155
15.533931
15.415599
15.429330
15.680117
15.717190
15.374296
14.668588
14.710105
14.691328
14.670059
14.824986
14.800298
14.742627
14.570798
14.703074
14.657617
14.455617
14.468500
14.573689
14.647126
14.559246
14.647054
14.636618
14.462439
14.429742
14.330256
14.271514
14.352176
14.535342
14.590990
14.768914
14.760997
14.807057
14.706969
14.529311
14.375477
14.430471
14.510134
14.607331
14.774317
14.747424
14.565711
14.681732
14.667050
14.645186
14.631612
14.505869
14.371815
14.504732
14.477253
14.450573
14.440901
14.633703
14.525029
14.460166
14.451622
14.451622
14.486152
14.418038
14.408526
14.646035
14.406831
14.461948
14.633109
14.755655
14.643475
14.832277
14.893960
14.794581
14.441714
14.544633
14.527457
14.266202
14.470770
14.519971
14.505734
14.550677
14.641712
14.608074
14.481194
14.252399
14.244495
14.131964
14.199098
14.228461
14.087562
14.218078
14.292024
14.276285
14.258787
14.456980
14.393690
14.241805
14.173767
14.160096
14.384192
14.506137
14.428959
14.326927
14.423741
14.494087
14.461289
14.248166
14.457817
14.457817
14.350606
14.378543
14.420213
14.389919
14.368661
14.304855
14.418490
14.649318
14.610959
14.610959
14.460506
14.489995
14.539892
14.524459
15.053781
15.052767
15.116351
14.977270
14.977270
15.010669
15.066410
15.052925
14.935218
14.978179
14.991271
14.678850
14.745995
14.675586
14.736400
14.773540
14.683518
14.778527
14.933298
15.180100
15.074695
15.031987
15.074061
15.076351
15.046494
15.010079
15.177447
15.456974
15.287668
15.145531
14.758980
14.721708
14.783282
15.083741
14.890172
14.736204
14.714363
14.699260
14.556648
14.566424
14.739052
14.583031
14.718415
14.689400
14.590679
14.648495
14.591947
14.363940
14.352089
14.355187
14.431737
14.743725
14.891802
14.624010
14.666420
14.762349
14.744741
14.827584
14.833844
14.825810
14.828456
14.821720
14.828642
14.824213
14.952594
14.944256
15.037149
15.353433
15.262659
15.302290
15.301108
15.302436
15.002387
14.979587
15.160963
15.069389
15.010849
15.087136
15.077175
15.192780
15.251152
15.650883
15.922694
16.044630
16.328488
16.370670
16.507327
16.395556
16.086649
16.333737
16.282923
16.062524
15.998091
15.715507
15.827764
16.024998
15.859560
16.099068
16.124959
15.734554
15.736765
15.701590
15.802056
15.719554
15.761938
15.773049
15.582980
14.916238
14.672042
14.811169
14.783415
14.803089
14.649760
14.598364
14.564818
14.608658
14.498514
14.450062
14.386438
14.465050
14.458931
14.286810
14.286434
14.384725
14.252431
14.260069
14.629723
14.344616
14.311212
14.163231
14.268683
14.197277
14.087223
14.268130
13.969850
14.080463
14.030738
13.996034
14.455215
14.453046
14.401939
14.468007
14.560103
14.543438
14.501761
14.601501
14.459802
14.536467
14.551139
14.505337
14.200528
14.362391
14.418955
14.424823
14.279399
14.222081
14.449224
14.570152
14.989208
14.934427
14.862332
14.789862
14.903048
14.964660
14.998501
14.951806
14.880034
15.399269
15.421257
15.358552
15.411643
15.187351
15.145251
15.190686
15.128194
15.245463
15.267691
15.208865
15.252011
15.008367
15.059378
15.165688
15.136221
15.296171
15.515680
15.609324
15.423754
15.451662
15.443710
15.476828
15.496866
15.553801
15.661789
15.454797
15.202762
15.266149
15.395227
15.393406
15.368940
15.379969
15.324995
15.572817
15.419531
15.454298
15.864022
15.945731
15.958596
16.023716
15.936533
15.765301
15.975089
16.015050
16.070271
16.070271
16.146479
16.186561
16.169564
16.168584
16.361807
16.414738
16.099741
15.865192
15.903351
16.002763
16.034538
15.906898
15.927767
15.858077
15.338812
15.326297
15.306833
15.409212
15.400063
15.380102
15.451546
15.159158
15.058750
15.070479
15.194383
15.042031
15.187095
15.202755
15.250120
15.262845
15.125687
15.100095
14.922386
15.037236
15.224986
15.270677
15.200794
15.144553
15.047765
15.163627
14.729112
14.681499
14.602383
14.610529
14.548011
15.024749
15.024749
15.081099
14.987357
14.992953
14.959973
14.895693
14.959785
15.050539
14.996998
15.139097
15.145810
15.080432
15.218081
15.239926
15.562158
15.449177
15.813765
15.542025
15.542012
15.704306
15.704306
15.919647
15.973891
16.009081
16.015292
16.141695
16.183135
16.183135
15.779533
15.800752
15.957684
16.143703
15.952110
16.054221
16.016590
16.113288
16.158232
16.091782
15.955334
16.284678
16.270562
16.320405
16.345947
16.235224
16.254999
16.187734
16.347941
16.347941
16.754833
16.523745
16.231408
15.997183
15.937236
16.122663
16.320398
16.286689
16.367309
16.342593
16.309592
16.093266
15.977803
15.739664
15.626033
15.930356
15.627493
15.509899
15.532616
15.405141
15.541020
15.506996
15.414409
15.414409
15.495837
15.592834
15.460246
15.352212
15.440993
15.334810
14.928542
15.140169
15.090748
14.898415
14.984762
14.966862
15.059027
14.992472
15.113664
14.975831
14.953560
14.859832
14.835067
14.851620
14.861722
14.698972
14.720939
14.770274
14.777548
14.737196
14.926568
15.337856
15.350188
15.066631
15.052992
15.016885
14.980481
14.735078
14.677283
14.687556
14.711495
14.720043
14.826108
14.896094
14.882230
14.821000
14.836478
14.719122
14.707765
14.646912
14.611037
14.527996
14.581265
14.542786
14.517784
14.692862
14.778456
14.919675
14.614994
14.469361
14.377956
14.436047
14.439152
14.478417
14.334974
14.144288
14.244905
14.247207
14.283734
14.332211
14.348629
14.268843
14.298212
14.564052
14.501178
14.528278
14.544084
14.438181
14.432259
14.642109
14.624907
14.828147
15.035052
15.109842
15.043666
15.233643
15.155725
15.137515
15.148424
14.958972
14.815382
14.966835
15.031396
15.063106
14.868054
15.012606
15.301665
15.325130
15.352375
15.082189
15.202294
15.202986
15.226878
15.140243
15.125946
14.496308
14.630832
14.741983
14.819970
14.783225
14.812581
14.852870
14.671410
14.635816
14.707089
14.546116
14.383058
14.457015
14.421762
14.172754
14.078550
14.055032
14.085324
14.162347
14.105291
14.175822
14.016900
14.005895
13.943111
13.960821
13.960821
13.981331
13.976308
13.976308
14.033554
14.069560
14.092185
14.235449
14.402890
14.368092
14.164166
14.134597
14.223764
14.213225
14.219955
14.222348
14.207654
14.318049
14.319649
14.501819
14.517210
14.506154
14.437127
14.392350
14.455000
14.551863
14.501238
14.469963
14.547707
14.574952
14.671382
14.546671
14.799777
14.729892
14.833746
14.642415
14.509621
14.592193
14.405275
14.456570
14.599221
14.467055
14.409239
14.351654
14.344853
14.355053
14.372521
14.497523
14.456620
14.795755
14.842509
14.970924
14.950706
15.127248
15.127248
15.127248
15.257573
15.327644
15.594103
15.563482
15.513955
15.258963
15.212653
15.168469
15.047425
15.072063
15.153310
14.917123
14.955535
14.965634
14.932605
14.872809
14.849563
14.874500
14.826302
14.897435
14.883374
14.928072
15.014345
14.931545
15.039435
14.612576
14.278645
14.422557
14.702112
14.714352
14.904295
14.694427
14.884821
14.654291
14.940860
14.872581
14.749631
14.824831
14.707855
14.633393
14.653354
14.818533
14.788233
14.820996
14.922516
14.913317
14.763690
14.820970
14.708067
14.708067
14.633135
14.633135
14.584194
14.476913
14.517098
14.391158
14.307805
14.224183
14.152079
14.054529
14.025358
14.088154
14.315444
14.349144
14.330867
14.415984
14.438731
14.556856
14.668114
14.593562
14.551513
14.461893
14.509501
14.589331
14.586160
14.674260
14.725089
14.478843
14.294969
14.378918
14.425488
14.425488
14.422824
14.497988
14.555006
14.625849
14.784336
14.882470
14.856945
14.856945
14.891200
14.868211
14.894911
14.902158
14.910944
14.828805
15.070098
14.995105
15.074484
14.930698
14.644774
14.637430
14.856936
14.793710
14.795325
14.795325
14.804244
14.651614
14.766429
14.799142
14.744743
14.883774
14.863325
14.914057
14.857759
14.907784
14.899378
14.877554
14.784710
14.777697
14.822919
14.943416
15.106386
15.492116
15.663954
15.759404
15.702928
15.713871
15.759269
15.568705
15.587272
15.819262
15.826402
15.756732
15.860057
15.619954
15.659415
15.729344
15.841870
15.853241
15.707805
15.632058
15.157094
15.157094
15.212815
15.113760
15.156252
15.247439
15.321544
15.359618
15.352500
15.423751
15.455341
15.376435
15.356713
15.439273
15.450084
15.414504
15.458672
15.573658
15.630211
15.631144
15.653251
15.581647
15.594267
15.833240
15.702959
15.580698
15.523779
15.513798
15.487988
15.352576
15.229410
15.214386
15.301735
15.336075
15.404738
15.368744
15.582122
15.550734
15.531136
15.773972
15.814195
15.856533
15.843855
15.968786
15.964148
15.815757
15.593493
15.543648
15.272952
15.272952
15.291435
15.710478
15.698075
15.733327
15.510243
15.341788
15.482372
15.351177
15.339365
15.308371
14.865256
15.133267
15.065408
14.874794
14.750979
14.755217
14.751980
14.818979
14.696013
14.558084
14.541972
14.617184
14.644631
14.517826
14.649660
14.591934
14.497750
14.194869
14.113467
13.970609
14.227980
14.455705
14.457232
14.392481
14.155113
14.236852
14.186720
14.090245
14.126057
14.024559
14.018733
14.094973
13.969824
13.843789
13.818195
13.896276
13.899574
13.951128
14.126913
14.093845
14.071822
13.973432
13.878167
13.813261
13.886856
13.952908
13.978534
14.014229
14.005977
14.005977
14.079614
14.313394
14.405165
14.445625
14.365735
14.198574
14.239755
14.257055
14.257633
14.126765
14.084046
14.099882
14.178135
14.284164
14.519981
14.397399
14.564716
14.522671
14.567359
14.581136
14.603568
14.431799
14.673320
14.668156
14.743344
14.675660
14.695154
14.704522
14.596747
14.546270
14.639403
14.836140
14.870152
14.876288
14.657648
14.555502
14.670630
14.612986
14.675999
14.789994
14.776130
14.930347
15.018201
15.090488
14.814770
14.767829
14.779698
14.783575
14.774379
14.629287
14.545450
14.499735
14.529572
14.702116
14.823609
14.826922
14.979323
14.827822
14.710856
14.415998
14.561935
14.614838
14.436527
14.500289
14.426736
14.381210
14.345701
14.214937
14.166794
14.375789
14.457611
14.428971
14.477193
14.452545
14.564146
14.510300
14.666270
14.629746
14.665148
14.641123
14.704692
14.720799
14.937799
14.739776
15.101971
15.212492
15.589416
15.552948
15.114566
14.908707
14.876071
14.914381
14.909781
14.870019
14.713536
14.812084
14.599512
14.532741
14.450858
14.584156
14.812079
14.487422
14.520727
14.460891
14.305564
14.397167
14.777360
14.673000
14.660773
14.649154
14.685523
14.630118
14.679292
14.723053
14.786993
14.855034
14.850375
14.901783
15.083011
15.162070
15.171328
14.878377
14.855267
14.860189
14.964110
14.938158
14.879173
15.192487
15.018452
15.089739
15.001876
15.246252
15.361705
15.411291
14.849267
14.978076
14.867411
14.895027
14.951135
14.875164
14.656460
14.929420
14.853474
14.876716
14.691903
14.720363
14.633944
14.757689
14.761464
14.753638
14.658112
14.530538
14.540907
14.518492
14.643570
14.738383
14.738383
15.180486
15.279980
15.279980
15.245109
14.965302
14.966378
14.922026
14.912111
14.914445
14.991338
14.967067
14.840597
14.729776
14.702192
14.853401
14.945857
14.812647
14.714345
14.786824
14.700233
14.852613
14.889608
14.744398
14.446097
14.528213
14.170383
13.914398
13.903064
13.942102
13.899628
13.891461
13.798820
13.691888
13.776203
13.798926
13.673496
13.576387
13.656971
13.866954
14.026478
14.164088
14.091711
14.091711
14.202594
13.984156
13.962934
13.989756
13.881779
13.938128
13.955712
13.831269
13.844767
13.763946
13.684421
13.781605
13.660062
13.763073
13.639792
13.624636
13.604434
13.612012
13.584798
13.453739
13.475679
13.440961
13.410900
13.461286
13.468485
13.475034
13.393834
13.378049
13.455117
13.762015
13.732099
13.813591
14.000687
13.781521
13.696922
13.702119
13.825601
13.873100
13.810065
13.897132
14.004391
14.071390
14.201771
14.169380
14.200827
14.200827
14.073897
13.899104
13.946522
14.076026
14.068582
14.064180
14.078067
14.154484
14.275551
14.270449
14.059006
13.877104
13.909392
13.890500
13.929141
14.017809
13.981946
13.952001
14.066344
14.075587
14.110125
14.095825
14.084972
14.268510
14.311240
14.173295
14.233940
14.350828
14.446409
14.712589
14.620711
14.566528
14.689458
14.446264
14.567873
14.497488
14.511377
14.593825
14.502155
14.397516
14.345488
14.292097
14.341850
14.355219
14.397937
14.198175
14.295921
14.289755
14.503030
14.465199
14.394887
14.457907
14.557361
14.390093
14.074490
14.118800
14.209440
14.139429
14.178151
14.183405
14.029805
14.089391
14.013213
14.089216
14.082361
14.184250
14.240204
14.282655
14.284149
14.228963
14.150301
14.280828
14.153580
14.255331
14.118029
14.107701
14.413674
14.462847
14.527907
14.490583
14.411793
14.650189
14.700500
14.860523
15.000081
14.944241
15.312842
15.630140
15.636633
15.651676
15.494167
15.744472
15.758113
16.191155
16.050155
16.086982
15.992944
16.116083
15.878665
15.627582
15.506953
15.660278
15.734316
15.868478
15.958047
16.011574
15.793241
15.615223
15.594601
15.573412
15.576632
15.165658
15.105354
15.117463
15.034444
15.014401
15.225928
15.679345
15.676212
15.564629
15.544040
15.410624
15.352493
15.398186
15.244567
15.038748
14.930824
14.963437
15.050461
15.287399
15.065882
14.759671
14.710316
14.636307
14.605075
14.634968
14.791521
14.725218
14.742148
14.755686
14.521375
14.587105
14.541859
14.652496
14.693213
14.794260
14.788143
14.689969
14.644630
14.638122
14.660799
14.577720
14.585543
14.650729
14.709503
14.588504
14.649154
14.767529
14.900532
14.882641
14.735610
14.783332
14.634039
14.613259
14.639442
14.792278
14.741349
14.887221
15.137109
15.085206
15.333810
15.421509
15.535864
15.327500
15.160213
15.354777
15.380595
15.509834
15.475181
15.322817
15.349494
15.431947
15.465956
15.517770
15.492293
15.217741
14.914308
14.875417
15.037675
15.349269
15.370592
15.442906
15.397061
15.346341
15.476881
15.495975
15.582439
15.567954
15.433632
15.306441
15.195341
15.221120
15.076282
14.941030
14.943084
14.954077
14.905976
14.992628
15.001860
14.914739
14.934136
14.939892
14.734759
15.109931
15.083008
14.889464
14.860103
14.834548
14.879120
15.011332
14.939562
14.941947
14.977230
14.765438
14.817087
14.725732
14.865354
15.099534
15.199783
15.159385
15.001420
15.134561
15.179033
15.086515
15.008180
14.962704
14.845294
14.797184
14.976484
14.972874
14.952344
14.726369
14.926531
15.210968
14.953495
14.944399
14.778249
14.899276
14.938536
14.774535
14.550077
14.592091
14.380028
14.391264
14.526951
14.663462
14.644129
15.161278
15.045103
15.298022
15.165422
14.850283
14.932317
14.919051
14.851562
14.651316
14.826640
14.657374
14.419213
14.516970
14.431565
14.423897
14.384806
14.395106
14.448064
14.583605
14.595614
14.519491
14.493127
14.568772
14.780340
14.710473
14.736295
15.001043
14.899023
14.745740
14.731683
14.718306
14.839440
14.861155
14.921586
14.930087
14.884168
14.884168
15.400084
15.451419
15.492412
15.726966
15.620479
15.579937
15.747333
15.806932
15.871274
15.640751
15.699662
15.638784
15.558766
15.420233
15.406128
15.471260
15.377417
15.516102
15.689117
15.689438
15.792594
15.883227
15.745452
15.576567
15.696663
15.582589
15.518915
15.589298
15.624338
15.524891
15.440231
15.461867
15.516263
15.574935
15.602706
15.655213
15.519753
15.700972
15.871214
15.675073
15.680153
15.680153
15.711944
15.689301
15.624224
15.337474
15.220645
15.062586
14.963945
15.104959
15.106311
15.292043
15.275108
15.254880
15.201011
15.172588
15.239066
15.329233
15.039354
14.951649
14.733170
14.689065
14.530831
14.573682
14.553989
14.829152
14.802623
14.856393
14.866410
14.970304
15.089018
15.046102
15.046102
15.191094
15.102392
15.028925
14.806153
14.679093
14.731956
14.716642
14.711604
14.797350
14.883119
14.798518
14.861489
14.813107
14.693409
14.688909
14.645958
14.612430
14.586143
14.543198
14.527135
13.812595
13.891523
13.972255
13.945936
13.910336
13.973513
14.110638
14.152903
14.195387
14.265627
14.100925
14.193868
14.182222
14.323985
14.079606
14.151424
14.250940
14.297535
14.164075
13.939049
13.940243
13.899161
13.824277
13.907744
13.937559
13.973548
14.040070
14.037589
14.228858
14.196684
14.008295
14.367485
14.336592
14.374209
14.402218
14.453977
14.442220
14.400226
14.697984
14.694962
14.781398
14.688524
14.649560
14.546268
14.544756
14.537261
14.487765
14.461809
14.472256
14.425877
14.356919
14.120060
14.040236
14.078635
14.126283
14.166162
14.189325
14.212033
14.191100
14.407858
14.482574
14.556476
14.349711
14.366612
14.300633
14.300633
14.324475
14.314006
14.533577
14.463092
14.463092
14.263087
14.203758
14.102613
14.211266
14.225694
14.250841
14.177225
14.022218
14.213116
14.146895
14.181518
14.624711
14.649033
14.617953
14.505239
14.393873
14.314958
14.457436
14.405872
14.544550
14.596998
14.598496
14.558727
14.707923
14.732716
14.720002
14.465678
14.445065
14.385064
14.585350
14.721916
14.487547
14.460808
14.492566
14.738884
15.064190
15.097297
15.185628
15.405037
15.663312
15.559852
15.395430
15.271238
15.323548
15.279624
15.210903
15.336638
15.315096
15.292838
15.323401
15.244345
15.300529
15.194909
15.176136
14.975993
14.797250
14.769994
14.646386
14.623185
14.406941
14.511026
14.664439
14.726973
14.593376
14.452400
14.267889
14.310500
14.276849
14.232879
14.337957
14.426661
14.130604
14.139817
13.920320
13.932985
14.078182
14.153598
14.153130
14.358421
14.444190
14.454199
14.504683
14.496804
14.724809
14.686756
14.722368
14.718613
14.827984
14.853359
14.728660
14.711656
14.636146
14.808802
14.891493
14.832587
15.106390
15.198988
15.029313
15.073193
14.931134
14.793178
14.983951
14.894100
