24.398667
24.408286
24.402636
24.416212
24.423066
24.419366
24.413545
24.395980
24.421796
24.419410
24.397233
24.403171
24.366327
24.356262
24.350142
24.371056
24.378217
24.378217
24.361824
24.355178
24.354725
24.352336
24.348882
24.339428
24.342533
24.344091
24.336512
24.336296
24.343714
24.338088
24.345667
24.349685
24.343202
24.348645
24.345010
24.346157
24.361397
24.362101
24.383145
24.404332
24.411270
24.398745
24.373922
24.379819
24.390983
24.390983
24.384198
24.398853
24.401248
24.404250
24.401730
24.403233
24.392908
24.369883
24.375701
24.355073
24.355698
24.350911
24.357160
24.349960
24.343185
24.342891
24.332943
24.325924
24.321896
24.317328
24.321630
24.331697
24.355524
24.348924
24.350937
24.331264
24.335159
24.335159
24.338928
24.366935
24.378173
24.382742
24.357550
24.357550
24.371159
24.368129
24.406550
24.420900
24.416489
24.374380
24.390130
24.399095
24.401207
24.424300
24.406120
24.415712
24.396201
24.412580
24.409633
24.411408
24.411408
24.406700
24.384690
24.375168
24.366232
24.372208
24.376942
24.379050
24.371442
24.366934
24.351414
24.370550
24.361811
24.357477
24.354196
24.373815
24.389344
24.389344
24.393026
24.396972
24.392819
24.370875
24.378708
24.375253
24.372682
24.374992
24.378649
24.372949
24.375255
24.378834
24.382581
24.371236
24.366431
24.370322
24.370371
24.373616
24.384244
24.401479
24.372388
24.376179
24.374473
24.357922
24.343654
24.343717
24.343258
24.347531
24.355860
24.356585
24.359160
24.360429
24.359373
24.361411
24.361078
24.357911
24.373302
24.385671
24.385060
24.399214
24.388469
24.378953
24.375278
24.385782
24.390839
24.398343
24.367921
24.365797
24.355571
24.363417
24.363417
24.362890
24.377250
24.376426
24.376426
24.377672
24.375059
24.386093
24.391237
24.394530
24.395885
24.385409
24.387533
24.377374
24.379154
24.420835
24.431915
24.430859
24.414404
24.396638
24.414551
24.390622
24.370705
24.360157
24.355387
24.360016
24.363664
24.381609
24.362810
24.354040
24.360497
24.363192
24.395109
24.408377
24.411102
24.395277
24.394590
24.378744
24.395153
24.395196
24.399360
24.399443
24.426321
24.437204
24.415807
24.417659
24.425421
24.425878
24.440177
24.449433
24.461442
24.459221
24.432422
24.434026
24.469069
24.439912
24.459801
24.459979
24.449317
24.447144
24.819485
24.827566
24.867948
24.885277
24.894423
24.872786
24.872732
24.858617
24.842684
24.821580
24.827945
24.827945
24.797912
24.781463
24.787068
24.801226
24.777217
24.763530
24.751082
24.758332
24.758045
24.762241
24.761166
24.761166
24.373009
24.392337
24.366752
24.367986
24.371950
24.372332
24.378551
24.377906
24.374766
24.396971
24.387082
24.368421
24.364249
24.369076
24.373562
24.372212
24.401823
24.403692
24.391430
24.395903
24.401114
24.394964
24.399008
24.408003
24.410494
24.433283
24.430069
24.432134
24.430166
24.428897
24.402159
24.388530
24.413190
24.426554
24.428572
24.478841
24.491536
24.495698
24.495595
24.488400
24.447710
24.450632
24.453189
24.459912
24.455106
24.499412
24.512604
24.507084
24.469419
24.462497
24.455763
24.439356
24.433819
24.447519
24.443732
24.442786
24.456328
24.462519
24.477046
24.483710
24.467403
24.466026
24.454069
24.454069
24.454378
24.439592
24.460138
24.439128
24.439128
24.409363
24.438989
24.465644
24.478271
24.489747
24.489214
24.492026
24.473585
24.454693
24.421148
24.435329
24.413546
24.422502
24.407435
24.415891
24.426296
24.429624
24.441176
24.429426
24.443814
24.452603
24.477531
24.492946
24.505742
24.557208
24.557850
24.517128
24.525383
24.590638
24.522946
24.502308
24.494512
24.419856
24.418487
24.409623
24.417026
24.412297
24.389029
24.390426
24.371657
24.378911
24.378823
24.379001
24.388820
24.387399
24.378854
24.385235
24.381808
24.377001
24.370154
24.376231
24.385499
24.391432
24.389860
24.395857
24.409863
24.436523
24.441272
24.437121
24.435075
24.422656
24.432113
24.472017
24.460916
24.458539
24.471077
24.498143
24.470864
24.470864
24.436035
24.391896
24.391133
24.391133
24.419529
24.448674
24.452418
24.445557
24.435140
24.427507
24.414330
24.415189
24.416928
24.417993
24.409041
24.422716
24.413775
24.401552
24.405472
24.423522
24.414296
24.398092
24.398092
24.381073
24.379404
24.379404
24.386253
24.407661
24.399953
24.415275
24.426099
24.434534
24.418836
24.438698
24.388818
24.389790
24.388023
24.396224
24.394356
24.377798
24.385797
24.395351
24.387062
24.393502
24.396125
24.397298
24.387205
24.397171
24.390425
24.383292
24.362168
24.354824
24.365492
24.350551
24.360794
24.360179
24.367228
24.342151
24.344209
24.350868
24.333674
24.321332
24.323799
24.323799
24.320454
24.321131
24.307410
24.303021
24.313804
24.315525
24.314331
24.318240
24.318240
24.311529
24.311529
24.309068
24.297652
24.298574
24.294707
24.292517
24.291597
24.292843
24.294189
24.290546
24.322653
24.303334
24.292623
24.297822
24.299154
24.314380
24.315068
24.315068
24.308813
24.320057
24.320896
24.361340
24.361420
24.361925
24.388723
24.388723
24.399847
24.358458
24.387509
24.382779
24.384207
24.349225
24.347261
24.348638
24.349053
24.349769
24.354602
24.357339
24.358251
24.357768
24.409715
24.346919
24.343668
24.343668
24.339998
24.339302
24.340970
24.337749
24.325730
24.326638
24.321388
24.319505
24.320214
24.325617
24.321775
24.326679
24.325262
24.326087
24.361662
24.354345
24.375596
24.364021
24.370822
24.376454
24.363697
24.359010
24.355085
24.354311
24.357768
24.372008
24.378250
24.436380
24.471805
24.472456
24.466210
24.478656
24.453798
24.427580
24.389103
24.385081
24.376015
24.367018
24.375821
24.374810
24.354685
24.358662
24.344880
24.340865
24.340838
24.384971
24.391329
24.381851
24.381851
24.392923
24.390931
24.382911
24.364834
24.371630
24.371612
24.378362
24.370500
24.366214
24.383238
24.369451
24.358851
24.361286
24.362810
24.380218
24.427460
24.425379
24.431128
24.399017
24.397922
24.404133
24.418623
24.424356
24.398155
24.396183
24.382761
24.381758
24.382707
24.392648
24.402528
24.407944
24.413605
24.410087
24.411776
24.411776
24.393591
24.390794
24.395208
24.427138
24.441078
24.410995
24.424379
24.424011
24.423093
24.431809
24.435528
24.399645
24.411741
24.420202
24.467973
24.469114
24.472574
24.426515
24.403288
24.383923
24.382065
24.402270
24.376326
24.398055
24.411199
24.382806
24.366627
24.401297
24.407546
24.418638
24.427520
24.416387
24.403841
24.416767
24.405820
24.395165
24.396623
24.396263
24.420873
24.412513
24.398091
24.383244
24.389633
24.393407
24.394744
24.399824
24.399824
24.419447
24.404138
24.396219
24.393521
24.466572
24.450475
24.452448
24.380486
24.379556
24.369287
24.360866
24.361661
24.361323
24.372845
24.367514
24.367681
24.347448
24.343995
24.336908
24.333144
24.342196
24.355676
24.344915
24.353028
24.362456
24.363490
24.382872
24.382473
24.374819
24.361197
24.361197
24.405474
24.386240
24.350584
24.335556
24.318016
24.320689
24.321603
24.315048
24.312010
24.316680
24.318111
24.321580
24.329937
24.345475
24.360721
24.375358
24.366513
24.360374
24.373483
24.411338
24.421152
24.423375
24.409513
24.406248
24.365412
24.365543
24.371367
24.367206
24.368715
24.368715
24.352297
24.341944
24.341944
24.345130
24.341894
24.340611
24.342164
24.344678
24.352755
24.359676
24.361970
24.361510
24.374483
24.369566
24.365127
24.351282
24.344122
24.346369
24.351526
24.351526
24.347915
24.348920
24.388458
24.390289
24.374977
24.376694
24.410051
24.388926
24.392677
24.385718
24.390304
24.397509
24.385152
24.384034
24.374381
24.374381
24.373866
24.377919
24.391646
24.396731
24.405036
24.405587
24.417272
24.389036
24.411995
24.411995
24.414828
24.437644
24.444528
24.452363
24.482065
24.444152
24.408719
24.417231
24.404438
24.400941
24.382293
24.383474
24.382150
24.387527
24.396808
24.409437
24.401529
24.395063
24.391038
24.390979
24.376568
24.371382
24.368414
24.365861
24.369498
24.369498
24.361545
24.356911
24.375664
24.377529
24.357188
24.354243
24.369677
24.386866
24.369343
24.376318
24.367737
24.366825
24.368769
24.368769
24.367255
24.382289
24.360265
24.361330
24.390807
24.359035
24.351537
24.371991
24.388113
24.387481
24.379164
24.375251
24.383988
24.373073
24.370614
24.370614
24.366661
24.348298
24.358043
24.361744
24.367578
24.355228
24.354897
24.360475
24.353793
24.360382
24.362079
24.349010
24.349010
24.345922
24.346288
24.372174
24.381433
24.394735
24.388812
24.384000
24.377959
24.367474
24.366316
24.376323
24.371681
24.372816
24.365978
24.367495
24.369372
24.371345
24.409984
24.407379
24.418654
24.421831
24.420181
24.428761
24.432081
24.425792
24.403771
24.393346
24.386541
24.389058
24.407251
24.408225
24.405464
24.406585
24.422987
24.441576
24.439510
24.454783
24.455850
24.420836
24.395790
24.392112
24.395248
24.407185
24.409447
24.400970
24.403007
24.394100
24.390109
24.415799
24.428423
24.444849
24.456210
24.449551
24.423456
24.426373
24.415486
24.413526
24.440133
24.436168
24.433401
24.437671
24.441292
24.407244
24.402366
24.403685
24.392207
24.402891
24.414625
24.416101
24.391656
24.414157
24.390704
24.383330
24.385560
24.370791
24.376218
24.374708
24.364318
24.357503
24.356192
24.345954
24.342553
24.342863
24.353676
24.345213
24.349210
24.368153
24.396257
24.391979
24.389488
24.397433
24.396552
24.364792
24.361227
24.366892
24.364537
24.366768
24.368306
24.391361
24.379061
24.382238
24.401845
24.384584
24.375808
24.376782
24.376418
24.392944
24.375578
24.388584
24.375314
24.383010
24.371649
24.360983
24.360983
24.372322
24.391052
24.391285
24.389206
24.390927
24.393784
24.397799
24.397799
24.410070
24.419731
24.414489
24.404290
24.401007
24.393777
24.387409
24.379077
24.366663
24.365263
24.373841
24.365926
24.369681
24.368603
24.369056
24.366132
24.356641
24.365394
24.347414
24.337189
24.350836
24.345940
24.352499
24.362832
24.357826
24.359509
24.350791
24.347081
24.369197
24.383784
24.382289
24.397580
24.397903
24.397903
24.415269
24.406027
24.426816
24.419102
24.412730
24.422874
24.399471
24.397331
24.381576
24.382647
24.368395
24.362851
24.365048
24.361619
24.360590
24.355080
24.379954
24.405010
24.391811
24.401449
24.397507
24.403110
24.408097
24.439358
24.439642
24.441397
24.410434
24.402571
24.405396
24.396500
24.397208
24.385757
24.394180
24.394180
24.399547
24.403486
24.414788
24.398251
24.398251
24.386562
24.377591
24.381752
24.399537
24.414442
24.420118
24.443690
24.443690
24.439140
24.435464
24.452106
24.430691
24.416324
24.409822
24.413061
24.393302
24.393877
24.398540
