16.152407
16.166804
16.163972
16.184309
16.187696
16.181736
16.167415
16.176638
16.185605
16.183465
16.204011
16.231291
16.254634
16.254198
16.260878
16.246619
16.212255
16.217512
16.218944
16.225136
16.216831
16.221037
16.259131
16.245857
16.247465
16.246219
16.270855
16.309058
16.310733
16.331443
16.329792
16.316763
16.301977
16.294850
16.297262
16.287818
16.288170
16.289240
16.308730
16.318290
16.315941
16.302561
16.301395
16.306993
16.332196
16.332381
16.333696
16.333625
16.325409
16.321827
16.325706
16.312704
16.312179
16.333489
16.363127
16.352976
16.363625
16.371067
16.385887
16.397876
16.409108
16.423368
16.418645
16.418479
16.405384
16.413497
16.410485
16.405412
16.408216
16.401014
16.426501
16.433702
16.435170
16.441475
16.449287
16.448930
16.451130
16.477903
16.425669
16.427042
16.400576
16.392356
16.396103
16.428420
16.427423
16.448045
16.459723
16.485696
16.466067
16.475043
16.478935
16.481876
16.490615
16.488265
16.484671
16.476010
16.450635
16.469472
16.470394
16.472984
16.484023
16.472078
16.464047
16.475036
16.493863
16.488263
16.478115
16.472261
16.460477
16.465063
16.467419
16.465371
16.485769
16.494350
16.509517
16.500100
16.491144
16.509205
16.502247
16.479282
16.513146
16.498502
16.504535
16.515344
16.531492
16.520029
16.534861
16.538181
16.536335
16.533512
16.533808
16.550279
16.513428
16.514880
16.506406
16.511154
16.512905
16.512609
16.518371
16.522164
16.538053
16.529325
16.532779
16.527918
16.522776
16.528809
16.568525
16.589211
16.591535
16.607251
16.594497
16.599153
16.607938
16.606136
16.607756
16.596045
16.604740
16.609661
16.604889
16.641927
16.600557
16.606110
16.604307
16.608995
16.609022
16.618263
16.613051
16.631424
16.637385
16.650020
16.637999
16.641324
16.640427
16.667971
16.661827
16.665009
16.651928
16.663695
16.669669
16.634936
16.658240
16.685228
16.676606
16.667226
16.670608
16.670759
16.675358
16.683028
16.688783
16.679636
16.633936
16.621659
16.580190
16.607534
16.596099
16.572120
16.569009
16.522450
16.522664
16.518881
16.517756
16.528423
16.527435
16.530733
16.551186
16.551630
16.551091
16.553656
16.556033
16.580715
16.589318
16.595597
16.601476
16.616288
16.646236
16.636509
16.622083
16.631095
16.589862
16.610316
16.611534
16.601997
16.606131
16.616578
16.613202
16.640273
16.637727
16.637462
16.612153
16.612455
16.629390
16.634533
16.601733
16.563347
16.572076
16.566173
16.558840
16.575988
16.455388
16.463560
16.454014
16.453393
16.451680
16.444922
16.428530
16.423279
16.421144
16.429007
16.432334
16.415601
16.418620
16.415323
16.413935
16.416963
16.401528
16.401509
16.397740
16.404632
16.370729
16.352273
16.368441
16.351025
16.353773
16.360001
16.369067
16.368077
16.376313
16.376665
16.378007
16.348743
16.343574
16.336955
16.338740
16.290310
16.281959
16.291562
16.288938
16.240870
16.171209
16.180467
16.166077
16.174302
16.130722
16.117277
16.118396
16.164664
16.131416
16.151313
16.152794
16.140511
16.158990
16.137699
16.145066
16.176281
16.196844
16.194871
16.202194
16.214917
16.201563
16.253809
16.250306
16.238908
16.238505
16.245776
16.253188
16.250893
16.245405
16.253687
16.258213
16.278273
16.269826
16.216988
16.207082
16.189856
16.199778
16.197616
16.183859
16.195434
16.204141
16.171434
16.193267
16.188921
16.178300
16.173478
16.183895
16.179937
16.185608
16.157546
16.164189
16.154641
16.122482
16.138929
16.137229
16.111179
16.102293
16.089434
16.105166
16.117930
16.126048
16.131335
16.122172
16.148549
16.162232
16.168051
16.169066
16.171075
16.169266
16.150737
16.157881
16.179105
16.201429
16.201554
16.192932
16.194952
16.212292
16.232005
16.224085
16.266932
16.268804
16.259792
16.263279
16.267748
16.253146
16.287837
16.272699
16.280573
16.247999
16.252636
16.252075
16.253713
16.227468
16.206469
16.197699
16.197177
16.193537
16.165611
16.180040
16.193099
16.209274
16.241881
16.245277
16.249918
16.221379
16.222306
16.217775
16.210395
16.193717
16.199799
16.186445
16.190395
16.176692
16.175020
16.174753
16.180124
16.147045
16.186691
16.212568
16.225742
16.209904
16.231278
16.245642
16.240145
16.227376
16.228835
16.220043
16.216382
16.232034
16.233172
16.233080
16.237683
16.248714
16.229996
16.229260
16.229033
16.222462
16.226493
16.218983
16.223671
16.229810
16.232000
16.232011
16.202613
16.214662
16.216106
16.222529
16.219183
16.225028
16.218407
16.207340
16.214878
16.222497
16.217131
16.244169
16.238183
16.256540
16.235036
16.237928
16.241707
16.231156
16.245156
16.242959
16.239450
16.235456
16.224320
16.224696
16.227632
16.235492
16.217210
16.197136
16.202382
16.225392
16.187580
16.186883
16.183974
16.152698
16.181169
16.181410
16.175957
16.172255
16.175112
16.163899
16.160600
16.182368
16.167500
16.172303
16.157196
16.150941
16.159942
16.167812
16.167565
16.158288
16.170912
16.151715
16.183698
16.195551
16.212577
16.219793
16.194998
16.178154
16.207081
16.200196
16.215382
16.216399
16.173167
16.175620
16.166856
16.184076
16.164447
16.157097
16.160163
16.136710
16.139124
16.138668
16.138278
16.149391
16.142238
16.150404
16.138068
16.159967
16.198850
16.170478
16.171807
16.141910
16.131892
16.140944
16.164173
16.164631
16.166127
16.197118
16.180311
16.186161
16.200156
16.205098
16.220863
16.229594
16.227917
16.232825
16.213986
16.223991
16.229866
16.212109
16.200367
16.200483
16.243363
16.237321
16.240651
16.247475
16.271517
16.286474
16.356460
16.327157
16.327017
16.342170
16.351816
16.360637
16.380579
16.368287
16.344255
16.345642
16.327001
16.367331
16.363412
16.336985
16.322133
16.325353
16.327464
16.306479
16.355702
16.349605
16.329807
16.340889
16.343002
16.349616
16.333590
16.340654
16.347219
16.361016
16.353101
16.367263
16.360170
16.364738
16.378557
16.379438
16.367250
16.380685
16.381682
16.427294
16.397554
16.417960
16.389163
16.399418
16.374699
16.373579
16.391768
16.385362
16.397452
16.395238
16.390717
16.402676
16.385281
16.384592
16.397773
16.401805
16.415571
16.421635
16.424903
16.424839
16.460851
16.459927
16.474204
16.530321
16.515042
16.546252
16.539670
16.535617
16.514258
16.506404
16.489699
16.511041
16.505460
16.517480
16.491921
16.477137
16.492588
16.534269
16.521144
16.517984
16.482566
16.497853
16.503169
16.499492
16.503868
16.501582
16.517968
16.526328
16.530487
16.540448
16.552848
16.562171
16.537177
16.530543
16.513564
16.520857
16.512637
16.511754
16.480020
16.507782
16.511566
16.506727
16.503216
16.502035
16.464704
16.442145
16.440795
16.387752
16.407359
16.399212
16.396326
16.421188
16.431848
16.456279
16.457848
16.459956
16.453362
16.461692
16.474879
16.470683
16.484174
16.480673
16.422906
16.423162
16.437556
16.458061
16.467648
16.477420
16.463364
16.449979
16.449182
16.450757
16.401697
16.392937
16.392397
16.451146
16.455463
16.428187
16.418521
16.448542
16.456860
16.415196
16.420643
16.433960
16.432019
16.425312
16.429728
16.423021
16.430371
16.411996
16.392901
16.365732
16.368262
16.365349
16.313509
16.295618
16.298651
16.295982
16.298793
16.302719
16.292567
16.317773
16.286028
16.283689
16.286011
16.308551
16.313563
16.304651
16.316968
16.315063
16.307894
16.315402
16.319991
16.332731
16.330668
16.327773
16.386431
16.353987
16.351735
16.359540
16.348308
16.370685
16.366780
16.371595
16.384775
16.400781
16.379794
16.389470
16.398791
16.387268
16.392983
16.394241
16.378702
16.400630
16.400350
16.407336
16.420046
16.434055
16.379696
16.381645
16.340344
16.342877
16.333991
16.325696
16.334887
16.328008
16.320940
16.318028
16.344591
16.339443
16.356633
16.352934
16.346193
16.344660
16.342477
16.345278
16.335989
16.320390
16.334229
16.336647
16.335947
16.315136
16.315145
16.298126
16.288526
16.285138
16.271027
16.271445
16.278882
16.295060
16.273689
16.266129
16.270378
16.266035
16.261152
16.249117
16.266463
16.269536
16.248905
16.251695
16.251845
16.284200
16.283972
16.280678
16.274431
16.276592
16.277383
16.269769
16.284999
16.276000
16.288267
16.288064
16.262078
16.254854
16.270795
16.244014
16.255296
16.247878
16.256823
16.248880
16.255115
16.250413
16.238290
16.213232
16.202598
16.191255
16.162688
16.165340
16.157361
16.152778
16.160834
16.150744
16.147922
16.134019
16.126783
16.107521
16.094809
16.079905
16.099611
16.092241
16.113006
16.108920
16.120791
16.102933
16.098081
16.107127
16.098625
16.101411
16.100253
16.061968
16.072268
16.074044
16.082023
16.070566
16.079424
16.090070
16.092174
16.095549
16.087520
16.102597
16.089342
16.086287
16.076052
16.069257
16.071906
16.060981
16.064974
16.066725
16.064672
16.083153
16.068206
16.074963
16.074495
16.105576
16.102789
16.110663
16.125327
16.120773
16.137430
16.129713
16.132705
16.135635
16.146676
16.131365
16.151642
16.178444
16.159481
16.157142
16.160237
16.164957
16.168203
16.166298
16.162603
16.121201
16.125673
16.127429
16.127072
16.150893
16.140707
16.139846
16.140922
16.144369
16.133970
16.115875
16.119558
16.118682
16.100597
16.107529
16.107076
16.103461
16.084606
16.046519
16.046507
16.057116
16.066451
16.048666
16.089688
16.085776
16.077655
16.047529
16.048359
16.054716
16.039949
16.038061
16.033878
16.041058
16.045391
16.035644
16.069477
16.062971
16.081026
16.083911
16.081583
16.071700
16.076481
16.069617
16.055848
16.052065
16.052083
16.067353
16.070190
16.060917
16.079462
16.083415
16.089254
16.094192
16.100601
16.082440
16.068425
16.070817
16.058338
16.034694
16.042288
16.055588
16.072211
16.077292
15.999712
16.006998
16.009222
16.027028
16.044641
16.071689
16.070861
16.074572
16.088486
16.089080
16.082844
16.060151
16.033754
16.037496
16.028336
16.029810
16.031642
16.031870
16.019434
16.005113
16.004866
15.949350
15.956066
15.953647
15.952113
15.932185
15.934068
15.939328
15.934987
15.924600
15.923821
15.917550
15.895378
15.897904
15.892971
15.896613
15.894968
15.886232
15.866993
15.857763
15.850364
15.830453
15.837027
15.811393
15.815897
15.818287
15.802911
15.792378
15.780891
15.769990
15.767093
15.744396
15.749253
15.793257
15.799624
15.784178
15.786845
15.788542
15.796659
15.795786
15.798529
15.816505
15.779538
15.781603
15.787961
15.799751
15.776520
15.777878
15.782055
15.778505
15.765048
15.763015
15.767826
15.768813
15.744785
15.782010
15.780652
15.771879
15.800417
15.814921
15.848933
15.887793
15.893717
15.906161
15.898253
15.877067
15.876555
15.864973
15.858287
15.858229
15.861218
15.855332
15.858992
15.856720
15.855787
15.829661
15.851770
15.838137
15.837148
15.824972
15.819140
15.819759
15.821520
15.825822
15.833669
15.840307
15.838842
15.851978
15.864401
15.823640
15.843095
15.850055
15.845316
15.856778
15.842850
15.860562
15.843436
15.826985
15.830732
15.829126
15.817782
15.835206
15.834827
15.830999
15.834328
15.833088
15.833303
15.821653
15.823609
15.809108
15.839674
15.842638
15.853673
15.840688
15.831063
15.809673
15.807393
15.824004
15.843032
15.862618
15.885489
15.892414
15.878950
15.902754
15.895163
15.894592
15.894984
15.895339
15.895156
15.892961
15.896403
15.900165
15.860922
15.888698
15.863199
15.843068
15.850982
15.852693
15.842409
15.816134
15.836788
15.832807
15.837385
15.840917
15.836624
15.838608
15.840803
15.835144
15.844387
15.850353
15.859083
15.847022
15.849559
15.812684
15.812927
15.831962
15.843886
15.856872
15.853826
15.851243
15.855638
15.847925
15.860576
15.858903
15.874383
15.899182
15.880678
15.873101
15.870784
15.869600
15.872916
15.862495
15.857748
15.869513
15.863475
15.866507
15.849794
15.844218
15.852566
15.844960
15.849198
15.813481
15.730661
15.759757
15.758635
15.763653
15.771191
15.767001
15.778139
15.776198
15.771647
15.783764
15.717914
15.724086
15.723962
15.715908
15.715251
15.714199
15.709407
15.692008
15.684528
15.669858
15.576586
15.609876
15.618467
15.630338
15.643609
15.640980
15.642558
15.642518
15.627697
15.617020
15.619695
15.615366
15.630479
15.568527
15.563675
15.575899
15.553114
15.548814
15.550278
15.546631
15.485697
15.492058
15.499235
15.521268
15.536430
15.541902
15.577032
15.574704
15.584358
15.599742
15.602600
15.608847
15.608987
15.621856
15.607054
15.591862
15.589144
15.588088
15.579824
15.564136
15.584265
15.572806
15.563402
15.569536
15.551921
15.572291
15.569405
15.562299
15.568997
15.566051
15.564484
15.569175
15.573669
15.552639
15.549569
15.565184
15.557035
15.562006
15.567059
15.589509
15.574044
15.583038
15.582020
15.570949
15.574388
15.561684
15.567955
15.533349
15.518151
15.517057
15.519393
15.552152
15.555864
15.530478
15.522932
15.540917
15.540641
15.524024
15.490298
15.483014
15.489459
15.491952
15.463729
15.470452
15.451366
15.449515
15.448706
15.478398
15.476454
15.442787
15.446361
15.448030
15.450237
15.447091
15.450271
15.462181
15.449789
15.449981
15.453144
15.430283
15.425840
15.447849
15.453690
15.439480
15.454171
15.439561
15.428687
15.411160
15.408634
15.357281
15.331163
15.285916
15.283783
15.277650
15.280713
15.282354
15.286418
15.296519
15.310442
15.315191
15.313714
15.315359
15.315768
15.312506
15.327439
15.294396
15.291875
15.316186
15.315977
15.321221
15.301289
15.314148
15.313194
15.314240
15.300818
15.329382
15.329933
15.329121
15.327804
15.329682
15.333543
15.354255
15.351891
15.352853
15.340969
15.361103
15.370864
15.371517
15.361634
15.392894
15.404655
15.403067
15.385981
15.400583
15.411075
15.356914
15.366143
15.371477
15.394536
15.398331
15.388598
15.392120
15.376099
15.370563
15.371256
15.364987
15.357323
15.362266
15.356551
15.323139
15.316271
15.259020
15.280641
15.272048
15.281782
15.292506
15.289393
15.286618
15.276679
15.286965
15.270077
15.272678
15.239777
15.229650
15.218871
15.246468
15.259489
15.268503
15.282293
15.297283
15.285178
15.279460
15.252454
15.255682
15.211273
15.209019
15.209103
15.210973
15.211517
15.213435
15.214941
15.198422
15.198772
15.210549
15.209640
15.204422
15.261263
15.261963
15.247985
15.250065
15.260416
15.249926
15.238375
15.222340
15.225238
15.225581
15.231085
15.233890
15.235450
15.236706
15.234481
15.205349
15.202988
15.204655
15.213489
15.208596
15.203538
15.184283
15.175930
15.167325
15.165437
15.163140
15.173783
15.165080
15.160035
15.163952
15.187635
15.194673
15.189001
15.162603
15.174389
15.169178
15.165378
15.168986
15.174461
15.171939
15.171683
15.154391
15.155294
15.175886
15.163267
15.153566
15.150247
15.203240
15.204531
15.221191
15.247447
15.252448
15.263736
15.253252
15.235884
15.236138
15.225632
15.218500
15.238515
15.223508
15.213024
15.221343
15.226739
15.234107
15.233204
15.222910
15.237166
15.236196
15.215789
15.223888
15.217616
15.207731
15.162691
15.160633
15.149615
15.182187
15.170412
15.172321
15.107730
15.114949
15.110595
15.123665
15.120137
15.115693
15.116270
15.098640
15.070457
15.051402
15.049546
15.048988
15.053588
15.062699
15.060896
15.070522
15.070187
15.052029
15.032929
15.047972
15.033657
15.028299
15.021866
15.028254
15.035418
15.038810
15.047573
15.088227
15.072322
15.072766
15.036297
15.031005
15.040320
15.029826
15.040202
15.029770
15.026206
15.024765
15.027273
15.026416
15.018259
15.032232
15.036203
15.033318
15.047844
15.047364
15.038696
15.023111
15.038819
15.040098
15.021777
15.027061
15.034721
14.992420
14.992101
14.997977
15.023816
15.034053
15.026615
15.039658
15.030597
15.053432
15.033459
15.037508
15.000544
15.008878
15.015166
15.005829
15.010767
15.009384
15.001125
15.003427
14.981819
14.977823
14.938354
14.945523
14.951350
14.951065
14.935616
14.930813
14.945808
14.932039
14.926114
14.920700
14.926465
14.921816
14.902388
14.889760
14.905428
14.904819
14.896382
14.890493
14.894051
14.876653
14.892031
14.874816
14.910732
14.924545
14.919750
14.937700
14.938385
14.928749
14.920835
14.925419
14.931893
14.935851
14.933836
14.956711
14.952976
14.943909
14.940532
14.924641
14.922748
14.925916
14.920351
14.908134
14.903983
14.909517
14.898909
14.904409
14.919037
14.930094
14.921265
14.928578
14.906711
14.913480
14.919023
14.923443
14.917492
14.909799
14.904795
14.908583
14.942304
14.938841
14.948692
14.967142
14.945796
14.954488
14.954700
14.965408
14.999249
15.001486
15.007313
15.004696
15.005718
14.994076
14.999301
14.938034
14.932306
14.932951
14.953041
14.941664
14.928537
14.940265
14.937199
14.906848
14.918754
14.918378
14.896520
14.881513
14.859715
14.859776
14.863637
14.849040
14.851020
14.866436
14.899033
14.917973
14.920968
14.922997
14.912921
14.903622
14.902215
14.929852
14.926248
14.917683
14.940073
14.925657
14.964585
14.960853
14.936343
14.957055
14.963982
14.969776
14.976995
14.976764
14.985689
14.994529
15.000231
15.022637
15.021675
15.017422
15.022350
15.022746
15.003112
14.995504
15.007123
15.001025
15.008939
15.011006
15.002257
15.011116
15.007857
15.020601
15.020867
15.016741
15.033153
15.034617
15.024565
15.020943
15.048229
15.036100
15.040216
15.047882
15.051867
15.074740
15.072341
15.092080
15.096421
15.136733
15.151013
15.155401
15.198107
15.190442
15.177461
15.205904
15.198181
15.189716
15.187055
15.182347
15.194995
15.202176
15.191483
15.199787
15.200100
15.186179
15.222116
15.211912
15.237341
15.238224
15.245255
15.241032
15.226894
15.232056
15.243586
15.224932
15.219020
15.227321
15.235231
15.249167
15.248358
15.287641
15.276529
15.309946
15.316060
15.313976
15.336737
15.318726
15.324122
15.314066
15.311136
15.308236
15.315686
15.318861
15.326360
15.313452
15.328763
15.335883
15.362615
15.364534
15.359936
15.358443
15.394355
15.395618
15.411065
15.409964
15.439732
15.447140
15.443046
15.429241
15.431172
15.476308
15.480866
15.458612
15.465872
15.440290
15.450106
15.453273
15.456385
15.450887
15.463445
15.468247
15.458622
15.455338
15.457085
15.453848
15.447116
15.455501
15.467314
15.486023
15.491855
15.507063
15.481041
15.493795
15.497017
15.493882
15.482448
15.483285
15.496102
15.515500
15.524758
15.526098
15.508339
15.505113
15.501262
15.496278
15.489135
15.500254
15.528409
15.543484
15.533845
15.537033
15.550177
15.527295
15.529770
15.526076
15.528971
15.534061
15.536722
15.538498
15.539923
15.551187
15.533909
15.515679
15.512089
15.489600
15.495431
15.494895
15.506870
15.492687
15.501595
15.500073
15.483717
15.485832
15.498958
15.503728
15.495307
15.505611
15.497307
15.510061
15.530376
15.524532
15.523085
15.513420
15.503386
15.496205
15.509883
15.495544
15.473867
15.478807
15.454902
15.438904
15.453564
15.461084
15.462231
15.458942
15.451974
15.443445
15.442458
15.432791
15.428369
15.441662
15.442489
15.437148
15.448066
15.425836
15.424049
15.436237
15.450564
15.434210
15.418032
15.424150
15.433077
15.435019
15.432138
15.433568
15.437884
15.415948
15.417476
15.424850
15.428949
15.391734
15.406603
15.438130
15.443394
15.433724
15.425344
15.429588
15.428346
15.447003
15.441819
15.469738
15.482458
15.481438
15.493305
15.486826
15.492982
15.507350
15.504821
15.486859
15.484543
15.495357
15.504712
15.510898
15.489679
15.495725
15.500502
15.514212
15.519773
15.522126
15.525053
15.527314
15.534720
15.533107
15.537649
15.518438
15.527353
15.505774
15.505268
15.486844
15.464165
15.473943
15.490093
15.517088
15.520192
15.525307
15.523567
15.515979
15.509116
15.526003
15.549916
15.549125
15.556031
15.579138
15.587236
15.584684
15.599424
15.608160
15.611022
15.610820
15.619946
15.629490
15.629438
15.654140
15.655768
15.652613
15.653624
15.695043
15.705523
15.713281
15.695455
15.693802
15.694413
15.671607
15.681739
15.672069
15.670451
15.684206
15.688476
15.691085
15.719757
15.731188
15.734772
15.719570
15.705606
15.718101
15.702317
15.736517
15.701101
15.725492
15.724306
15.691131
15.703323
15.692483
15.714326
15.704257
15.707820
15.673930
15.631857
15.639170
15.668716
15.631915
15.602391
15.576451
15.572231
15.566244
15.556447
15.577149
15.564027
15.545219
15.561433
15.540405
15.537075
15.541402
15.551944
15.551704
15.550070
15.570031
15.571213
15.587264
15.574082
15.573793
15.586620
15.565751
15.566882
15.593920
15.591733
15.582112
15.617418
15.621877
15.592486
15.584991
15.598649
15.607095
15.610106
15.600952
15.613279
15.604027
15.604116
15.571729
15.567973
15.602015
15.614191
15.602492
15.599735
15.594813
15.595490
15.594785
15.598927
15.584564
15.609771
15.588484
15.612216
15.594982
15.601440
15.550783
15.558619
15.578009
15.567144
15.556464
15.550306
15.548300
15.546671
15.520640
15.514141
15.512182
15.496111
15.517271
15.519675
15.535164
15.535614
15.513715
15.515248
15.527036
15.511498
15.508268
15.507971
15.501050
15.492925
15.474340
15.477551
15.484857
15.472198
15.468381
15.468558
15.483534
15.470775
15.467804
15.463811
15.467792
15.432263
15.473039
15.469625
15.474007
15.476535
15.484924
15.494947
15.493853
15.493042
15.502741
15.501637
15.524662
15.542603
15.550131
15.564523
15.572056
15.572002
15.572574
15.585878
15.595886
15.600228
15.588084
15.582514
15.583302
15.578747
15.590981
15.582279
15.575078
15.592024
15.587761
15.599671
15.614131
15.608174
15.590443
15.578138
15.569449
15.583161
15.597789
15.603593
15.592274
15.587792
15.590217
15.586526
15.587363
15.585280
15.571474
15.570662
15.573685
15.555781
15.521017
15.505106
15.505361
15.486272
15.493448
15.513715
15.512462
15.513333
15.509641
15.455254
15.474120
15.459857
15.459220
15.487295
15.479137
15.472864
15.485462
15.480813
15.466620
15.473539
15.474788
15.461820
15.454458
15.499852
15.497150
15.498725
15.491200
15.505475
15.494350
15.502309
15.494810
15.511419
15.498758
15.494792
15.488126
15.525179
15.507598
15.522993
15.515556
15.523238
15.525440
15.528885
15.546669
15.553072
15.554678
15.567263
15.576951
15.563604
15.557310
15.563112
15.571571
15.568510
15.569352
15.577610
15.577455
15.580907
15.599503
15.599375
15.600941
15.604468
15.612973
15.613023
15.612255
15.648269
15.646735
15.651012
15.656976
15.643574
15.625343
15.615713
15.636985
15.652078
15.677176
15.670846
15.672543
15.665890
15.660033
15.651558
15.665815
15.660533
15.685742
15.697114
15.701836
15.682039
15.701720
15.694284
15.692927
15.704257
15.689945
15.699114
15.669086
15.670968
15.684188
15.674634
15.685605
15.689035
15.708204
15.691375
15.686530
15.670840
15.672125
15.666768
15.722626
15.697638
15.690416
15.674483
15.667763
15.682863
15.675061
15.660888
15.675617
15.673030
15.627554
15.616433
15.581090
15.584092
15.591881
15.607957
15.624376
15.628748
15.611372
15.614437
15.609685
15.600658
15.597291
15.597315
15.604636
15.621359
15.626071
15.645936
15.626358
15.611712
15.605619
15.597469
15.596371
15.543030
15.515513
15.492682
15.460413
15.429825
15.449818
15.447272
15.463251
15.477822
15.497629
15.512988
15.511060
15.507605
15.507329
15.479222
15.503103
15.510404
15.545612
15.547559
15.531264
15.544384
15.565305
15.555676
15.570937
15.524630
15.521550
15.518764
15.513672
15.526684
15.551749
15.519077
15.517470
15.524125
15.519682
15.517781
15.517998
15.522139
15.492578
15.507518
15.526173
15.527410
15.528153
15.527352
15.521049
15.529531
15.533827
15.535765
15.533437
15.534374
15.531865
15.526875
15.520252
15.533483
15.519406
15.517512
15.531168
15.530196
15.536017
15.536550
15.551627
15.522746
15.525805
15.525473
15.513546
15.497032
15.492566
15.502773
15.513022
15.513797
15.525314
15.503696
15.484223
15.476634
15.486655
15.505825
15.523090
15.520190
15.539753
15.528173
15.534620
15.563157
15.550941
15.553233
15.554911
15.527222
15.542190
15.549853
15.545599
15.553677
15.532124
15.525809
15.534615
15.508573
15.513832
15.498099
15.486900
15.468173
15.485254
15.481384
15.480184
15.474698
15.472670
15.489946
15.465154
15.468920
15.460999
15.464371
15.458235
15.418499
15.446662
15.412834
15.405355
15.396652
15.403586
15.407865
15.410421
15.396313
15.377812
15.358966
15.344015
15.331562
15.349857
15.337399
15.341168
15.350019
15.335192
15.321028
15.342529
15.348946
15.357121
15.376957
15.346654
15.346630
15.324096
15.326964
15.331420
15.333314
15.327370
15.321562
15.289674
15.305548
15.293854
15.291307
15.272778
15.274976
15.267019
15.268996
15.235734
15.238909
15.236473
15.236133
15.241713
15.248167
15.235385
15.234268
15.238112
15.233615
15.230168
15.251871
15.253919
15.261508
15.262131
15.243784
15.240426
15.246537
15.257826
15.253635
15.267105
15.260304
15.254582
15.214765
15.174820
15.177917
15.197410
15.203961
15.184029
15.200963
15.194870
15.152819
15.131614
15.133311
15.135357
15.141719
15.143208
15.134945
15.123520
15.126562
15.116490
15.098263
15.087809
15.099500
15.147074
15.159820
15.147347
15.145795
15.140327
15.151251
15.153798
15.129188
15.127064
15.104479
15.117665
15.139864
15.186227
15.183271
15.149011
15.147536
15.133146
15.135119
15.151844
15.138157
15.129725
15.130651
15.139456
15.141422
15.142664
15.147920
15.157481
15.146564
15.139885
15.172053
15.164013
15.175019
15.161744
15.162890
15.163618
15.166423
15.159847
15.164175
15.160746
15.141918
15.141471
15.120738
15.130846
15.132507
15.126429
15.133920
15.124710
15.115457
15.111379
15.125677
15.123009
15.121039
15.127690
15.131606
15.144452
15.144375
15.139707
15.125967
15.118515
15.105079
15.107861
15.113223
15.102162
15.112656
15.110881
15.085576
15.084948
15.085463
15.107439
15.106488
15.112115
15.107487
15.109217
15.115546
15.111248
15.095447
15.124690
15.115698
15.117254
15.097721
15.114361
15.115317
15.124165
15.119642
15.114821
15.111832
15.115719
15.122158
15.111487
15.093346
15.109258
15.089557
15.052564
15.084962
15.082164
15.080029
15.049009
15.040017
15.043559
15.032486
15.043010
15.015120
15.017509
15.021633
14.996905
14.981815
14.995276
15.027675
15.036093
15.053650
15.042211
15.020803
15.014073
15.013875
15.008705
15.014811
15.011526
15.012478
15.012724
14.990887
14.989700
14.993298
14.988024
15.003316
14.994514
14.988881
14.977876
14.974466
14.982057
14.987493
14.977834
14.942306
14.945714
14.939121
14.935035
14.927867
14.925715
14.952187
14.911117
14.924311
14.909265
14.907007
14.932056
14.928510
14.957725
14.955576
14.943993
14.949364
14.960154
14.956416
14.971440
14.983316
15.005064
15.002750
15.000371
14.977352
14.979288
14.985747
14.990435
14.986312
14.991874
14.990525
14.995174
14.997639
14.988357
14.985296
14.994588
14.999831
15.037586
15.083147
15.068135
15.035344
15.042925
15.063898
15.076219
15.074635
15.065415
15.084041
15.082789
15.077972
15.083742
15.137476
15.143954
15.149850
15.141076
15.125630
15.137920
15.110288
15.082426
15.075889
15.082361
15.086785
15.076616
15.070071
15.053771
15.046716
15.060884
15.074881
15.071316
15.080124
15.088086
15.093987
15.108184
15.133206
15.127530
15.131850
15.134703
15.143303
15.133546
15.117470
15.120233
15.131454
15.114603
15.114607
15.125605
15.133642
15.133596
15.134454
15.131874
15.134075
15.156285
15.204834
15.181178
15.194255
15.200145
15.158115
15.161786
15.150149
15.154502
15.139578
15.146114
15.117174
15.105405
15.096157
15.059998
15.049225
15.047861
15.037979
15.032832
15.039055
15.042560
15.036706
15.038873
15.055389
15.063842
15.057636
15.057262
15.030527
15.040108
15.046361
15.034330
15.064901
15.067802
15.061397
15.066804
15.062316
15.058192
15.045214
15.053233
15.061309
15.052805
15.056936
15.051726
15.060752
15.063120
15.067933
15.059458
15.058222
15.037373
15.034783
15.038636
15.044564
15.057017
15.059474
15.062001
15.068061
15.072200
15.062787
15.070168
15.070456
15.089139
15.103874
15.086283
15.075100
15.065546
15.065238
15.057346
15.059420
15.069203
15.069675
15.057454
15.086842
15.089558
15.095696
15.082813
15.087297
15.061563
15.082846
15.085870
15.081449
15.080896
15.067610
15.099617
15.078220
15.068714
15.051876
15.047296
15.048923
15.052114
15.066392
15.086778
15.074778
15.049631
15.039412
15.015355
15.012149
14.988738
14.990170
15.008289
14.996932
14.987998
14.988777
14.976715
14.955237
14.961775
14.966325
14.936327
14.930200
14.931592
14.921458
14.907312
14.903803
14.910738
14.940005
14.930495
14.915422
14.914802
14.891731
14.888924
14.878405
14.860600
14.843740
14.832909
14.838654
14.802665
14.826381
14.834850
14.834418
14.808649
14.804643
14.795383
14.796760
14.770375
14.756701
14.753410
14.746608
14.745954
14.726884
14.729988
14.729148
14.728808
14.743148
14.751982
14.770998
14.764184
14.773506
14.777564
14.781531
14.793210
14.781003
14.783283
14.771856
14.789431
14.788118
14.791859
14.808594
14.819343
14.791387
14.802863
14.797661
14.811633
14.801283
14.805670
14.813849
14.817832
14.819004
14.816114
14.836348
14.835426
14.846575
14.849576
14.849231
14.860775
14.895578
14.848558
14.853599
14.848771
14.841494
14.853132
14.852844
14.871282
14.865206
14.877024
14.879980
14.852968
14.860807
14.883567
14.912696
14.886903
14.888953
14.918343
14.928379
14.930471
14.932367
14.939706
14.976366
14.965582
14.983701
14.960770
14.967617
14.972610
14.982803
14.997519
14.996034
15.004075
15.004780
14.999218
15.003685
14.994507
14.998268
14.996717
15.009934
15.016483
15.012881
15.009336
15.001268
15.039365
15.032409
15.036135
15.026015
15.019720
15.020469
15.018862
15.015611
15.032536
15.009154
15.012118
15.022181
15.023221
15.038059
15.033171
15.038367
15.041039
15.055335
15.042378
15.038898
15.067446
15.043469
15.040894
15.025191
15.048031
15.058266
15.053793
15.073440
15.066850
15.067727
15.065439
15.067539
15.049635
15.044421
15.033060
15.039234
15.055640
15.069849
15.087641
15.079651
15.093503
15.097087
15.102682
15.103616
15.105596
15.109851
15.103242
15.101580
15.098660
15.107565
15.105390
15.117444
15.132485
15.113900
15.129234
15.153386
15.150831
15.134526
15.137116
15.149626
15.170660
15.174712
15.159406
15.163078
15.184368
15.178321
15.187919
15.192833
15.184156
15.200163
15.221907
15.213839
15.199507
15.186383
15.201668
15.213787
15.248856
15.210024
15.211031
15.208485
15.206839
15.208419
15.218665
15.207975
15.210772
15.212515
15.217302
15.214937
15.180268
15.185900
15.187481
15.193806
15.186553
15.188331
15.184433
15.175730
15.171492
15.156236
15.137148
15.136729
15.139378
15.142365
15.197615
15.253361
15.281188
15.264817
15.296647
15.305928
15.310125
15.303141
15.274702
15.269320
15.270414
15.271143
15.239190
15.239430
15.232254
15.237486
15.233958
15.258868
15.255702
15.265601
15.283951
15.285445
15.295082
15.322748
15.327346
15.328252
15.325425
15.326728
15.344634
15.346170
15.325187
15.328542
15.338043
15.338319
15.338096
15.322145
15.318529
15.303023
15.305125
15.288235
15.316760
15.337587
15.339187
15.326370
15.325093
15.315525
15.317272
15.306229
15.308416
15.318062
15.297849
15.285782
15.283803
15.293662
15.311497
15.305337
15.293442
15.296208
15.279652
15.264760
15.281163
15.296613
15.271990
15.278448
15.279749
15.269995
15.272426
15.309414
15.304241
15.303536
15.312457
15.322725
15.318646
15.311764
15.322495
15.340878
15.338254
15.335293
15.334726
15.332157
15.324327
15.316018
15.293905
15.282272
15.283163
15.283399
15.313735
15.301846
15.276265
15.260375
15.259150
15.239292
15.251871
15.241112
15.246699
15.245001
15.248960
15.259059
15.246725
15.252940
15.243081
15.250262
15.275927
15.293836
15.307548
15.316420
15.287989
15.298787
15.309427
15.312661
15.318961
15.301594
15.267521
15.271758
15.287774
15.286756
15.286235
15.269402
15.276986
15.275031
15.263412
15.260263
15.266016
15.258886
15.253079
15.245375
15.247666
15.248492
15.244504
15.250014
15.267694
15.271680
15.283473
15.253283
15.305360
15.285193
15.273665
15.290696
15.289374
15.290736
15.281695
15.274717
15.277149
15.274418
15.297910
15.280434
15.284399
15.299160
15.305877
15.304197
15.293480
15.296467
15.294012
15.290746
15.258046
15.261392
15.278241
15.264995
15.258239
15.262464
15.268558
15.243841
15.230281
15.216807
15.219648
15.218060
15.204094
15.213829
15.230800
15.230202
15.228317
15.224982
15.228402
15.195096
15.171961
15.175341
15.180643
15.171817
15.170252
15.180478
15.195591
15.153173
15.134780
15.125680
15.127860
15.112422
15.108035
15.105341
15.098023
15.092669
15.092471
15.118630
15.134847
15.100862
15.088850
15.074050
15.101807
15.101759
15.101756
15.093200
15.100977
15.089122
15.096651
15.103109
15.116807
15.124601
15.123170
15.129620
15.130177
15.127843
15.110353
15.104735
15.120749
15.122386
15.105830
15.114947
15.115359
15.120466
15.135053
15.131879
15.171757
15.185840
15.184317
15.194878
15.189161
15.194416
15.209774
15.229791
15.203173
15.253284
15.169413
15.170586
15.186965
15.204931
15.225149
15.213541
15.222600
15.228868
15.247869
15.243976
15.239611
15.180670
15.189332
15.183835
15.187560
15.189883
15.210558
15.201401
15.211295
15.193646
15.195214
15.181120
15.154857
15.143645
15.133589
15.130701
15.120593
15.121288
15.127230
15.105946
15.104658
15.083914
15.078990
15.073450
15.077495
15.068301
15.065609
15.076789
15.067881
15.075542
15.048917
15.023894
15.035160
15.064444
15.060576
15.065737
15.051838
15.024459
15.026026
15.025157
15.028946
15.030699
15.003886
15.017062
15.009071
15.025778
15.010515
15.000757
15.031878
15.033020
15.018879
15.017631
15.034454
15.063457
15.046609
15.040213
15.022870
15.024789
15.029740
15.008296
15.003436
14.990564
14.990443
14.980908
15.006794
15.018284
15.044915
15.040804
15.044907
15.083365
15.087684
15.088819
15.101007
15.121081
15.117620
15.108220
15.096588
15.101762
15.096694
15.089099
15.094545
15.105344
15.095007
15.088395
15.082315
15.077187
15.076719
15.035620
15.042549
15.072879
15.082476
15.076149
15.076475
15.078603
15.071156
15.057512
15.040349
15.020275
15.014192
15.015861
15.013944
15.010995
15.010087
15.027582
15.032810
15.025186
15.028469
15.036314
15.042314
15.017399
15.046243
15.051446
15.066878
15.084559
15.059368
15.044463
15.063141
15.109609
15.118641
15.112518
15.116606
15.097776
15.063678
15.092199
15.094605
15.090423
15.119184
15.115150
15.087188
15.078460
15.076274
15.069026
15.059049
15.073165
15.079430
15.090752
15.103231
15.063485
15.067615
15.066847
15.055154
15.042023
15.042584
15.040839
15.010549
15.052933
15.070659
15.071645
15.059665
15.057421
15.036330
15.025063
15.015691
15.023032
15.028870
15.013659
15.013771
15.015211
14.973773
14.986351
14.968424
14.987058
14.974654
14.997848
14.969101
14.960190
14.971768
14.979011
14.964348
14.964102
14.981923
14.961462
14.962363
14.983308
14.968904
14.982054
14.978628
14.971131
14.985425
14.991771
14.986525
14.993290
14.976810
14.981753
14.998344
14.990320
15.001479
14.994549
14.989493
14.980566
14.994515
14.995072
15.040885
15.037540
15.031455
15.026491
15.033300
15.059310
15.050898
15.012814
15.000055
15.003231
15.034363
15.053106
15.048399
15.066719
15.064035
15.074857
15.076569
15.032548
15.036232
15.035694
15.028095
15.034018
15.030994
15.021410
15.019383
15.016985
15.046020
15.065475
15.082486
15.082918
15.074202
15.075808
15.080027
15.065907
15.056401
15.057228
15.062374
15.087973
15.082211
15.076699
15.090156
15.089508
15.111856
15.113815
15.114676
15.119893
15.129538
15.137251
15.137619
15.147685
15.160104
15.153243
15.140731
15.143440
15.121937
15.137392
15.130154
15.127059
15.127637
15.152053
15.163876
15.151962
15.149199
15.145562
15.140676
15.132712
15.127933
15.125839
15.137572
15.139333
15.171343
15.159552
15.151758
15.157544
15.155239
15.159116
15.158963
15.162265
15.174703
15.156719
15.154353
15.157557
15.163497
15.145578
15.134799
15.152623
15.167580
15.143903
15.143636
15.140051
15.172112
15.154279
15.146359
15.131283
15.128487
15.134627
15.141544
15.163524
15.170291
15.170631
15.150754
15.152851
15.150174
15.160602
15.154336
15.171511
15.173966
15.169823
15.153302
15.136973
15.130089
15.117681
15.090385
15.075483
15.082139
15.075909
15.062148
15.040795
15.065221
15.075870
15.082832
15.058936
15.070796
15.037929
15.027495
15.025646
15.039896
15.041998
15.033587
15.030390
15.026548
15.018059
15.020918
15.032370
15.047023
15.051401
15.047408
15.041270
15.046459
15.053969
15.052350
15.031778
15.025813
15.030363
15.035561
15.035127
15.046358
15.058758
15.041991
15.056388
15.070645
15.079608
15.092730
15.096701
15.091683
15.087190
15.085651
15.065932
15.053584
15.054218
15.111462
15.111056
15.136402
15.126027
15.158541
15.153079
15.141374
15.137548
15.132405
15.123590
15.125820
15.133896
15.143196
15.134204
15.119419
15.115081
15.129040
15.122485
15.103377
15.099302
15.099638
15.092242
15.093360
15.093473
15.102037
15.116058
15.115252
15.112775
15.098831
15.106593
15.113720
15.111215
15.101895
15.102144
15.096873
15.110510
15.106928
15.116553
15.120916
15.095494
15.098271
15.112212
15.116976
15.124368
15.120544
15.113590
15.093689
15.104319
15.096837
15.100616
15.093087
15.118515
15.125855
15.141381
15.121465
15.136145
15.148684
15.180817
15.185781
15.197666
15.205219
15.203909
15.187032
15.193658
15.207717
15.200491
15.194753
15.217046
15.196909
15.174494
15.162977
15.163167
15.150310
15.167275
15.185466
15.180052
15.167005
15.175684
15.166388
15.158629
15.149208
15.143289
15.146108
15.151245
15.146239
15.139496
15.142272
15.142215
15.137186
15.141606
15.100038
15.102108
15.100552
15.090596
15.093989
15.102753
15.076374
15.081878
15.080367
15.081717
15.069311
15.083822
15.067460
15.060132
15.043742
15.091281
15.066286
15.063703
15.066127
15.046962
15.030461
15.042701
15.039895
15.040016
15.059368
15.061739
15.065326
15.061067
15.069278
15.073148
15.052938
15.041878
15.038474
15.026631
15.019797
15.000619
14.998998
15.005824
14.990070
15.022185
15.015263
14.988641
15.012398
15.016995
15.035190
15.042060
15.072804
15.064374
15.066972
15.063669
15.057153
15.056946
15.017997
15.010030
14.996015
14.990261
14.998459
14.989098
15.012922
15.024174
15.020386
15.008117
14.999039
15.019580
15.019198
15.006798
15.003309
14.993328
14.995630
15.002377
14.996567
15.012143
15.016506
15.017482
15.010744
15.001010
15.000207
14.966899
14.957402
14.952925
14.959216
14.992983
15.012995
15.018896
15.029421
15.026195
15.013346
15.003464
14.995870
15.004354
14.954899
14.972044
14.945780
14.952839
14.954976
14.968101
14.983192
14.985600
14.984680
14.975254
14.979723
14.994531
14.980154
14.985833
14.978553
14.975192
14.962001
14.945322
14.962777
14.954395
14.961633
14.961686
14.953136
14.961707
14.970463
14.971251
14.962506
14.987355
14.984695
14.991473
14.991308
14.980130
14.981806
14.970179
14.969496
14.953711
14.944304
14.962270
14.965101
14.972500
14.983644
14.989616
14.993838
14.983205
15.029227
15.039790
15.016356
15.002281
14.985141
14.987578
14.966059
14.954412
14.957961
14.959934
14.959328
14.936192
14.946511
14.929190
14.940220
14.934000
14.936906
14.939988
14.951236
14.945857
14.912218
14.901392
14.894293
14.887637
14.861381
14.861628
14.857873
14.851253
14.854512
14.849618
14.829369
14.817424
14.822880
14.831079
14.843129
14.858877
14.856441
14.897297
14.879482
14.876106
14.864843
14.878337
14.870035
14.863742
14.858559
14.860156
14.847312
14.866386
14.850913
14.847622
14.863335
14.870584
14.855665
14.851901
14.853911
14.863888
14.854821
14.848946
14.852627
14.880726
14.890095
14.899524
14.899760
14.899094
14.902401
14.907570
14.892423
14.900642
14.894355
14.894577
14.922482
14.926197
14.938366
14.928735
14.922033
14.914747
14.899180
14.906963
14.873221
14.868897
14.872952
14.852730
14.843746
14.849890
14.831800
14.834958
14.830261
14.830629
14.830462
14.835366
14.836256
14.842578
14.844453
14.855405
14.830872
14.827512
14.831382
14.855856
14.910988
14.919031
14.919398
14.913819
14.889778
14.916664
14.910904
14.906187
14.882116
14.876973
14.885858
14.866309
14.858991
14.842717
14.841778
14.844720
14.847199
14.854998
14.858231
14.848384
14.863749
14.861651
14.872372
14.849762
14.859345
14.864611
14.883886
14.872922
14.879523
14.877580
14.875443
14.896204
14.896774
14.898554
14.907669
14.913442
14.908801
14.916123
14.924073
14.918516
14.901831
14.906111
14.901793
14.916945
14.899443
14.903544
14.905827
14.906856
14.889145
14.884247
14.893502
14.879038
14.883792
14.884894
14.896910
14.860150
14.855596
14.858229
14.880682
14.871774
14.825560
14.834628
14.841047
14.831473
14.832460
14.827465
14.834959
14.826687
14.820096
14.819534
14.820711
14.796413
14.802133
14.783225
14.782260
14.779802
14.806918
14.798561
14.803030
14.829231
14.827003
14.821520
14.805720
14.792893
14.821696
14.828737
14.794604
14.794913
14.786849
14.790078
14.806726
14.808415
14.788383
14.800321
14.787303
14.774233
14.787644
14.781193
14.777359
14.771695
14.781590
14.758197
14.748832
14.730137
14.731362
14.732475
14.740992
14.741623
14.736263
14.738277
14.749704
14.742077
14.753297
14.744794
14.717885
14.709258
14.692559
14.671310
14.660885
14.642700
14.648605
14.648990
14.625671
14.616168
14.587378
14.576590
14.588994
14.594727
14.588922
14.592343
14.607755
14.611510
14.611319
14.591395
14.588277
14.575812
14.583332
14.587543
14.591150
14.567747
14.554021
14.556454
14.554221
14.545935
14.532333
14.518551
14.514212
14.518548
14.519220
14.505098
14.501518
14.496882
14.485802
14.481873
14.478034
14.473659
14.471257
14.478004
14.477341
14.468375
14.471842
14.482200
14.476429
14.476100
14.468607
14.453140
14.438339
14.448054
14.448345
14.451512
14.452653
14.439590
14.430116
14.430752
14.428280
14.427328
14.440949
14.422749
14.423605
14.428955
14.431456
14.465940
14.481586
14.481060
14.473409
14.472433
14.464569
14.492350
14.526150
14.522001
14.508981
14.496390
14.492275
14.465087
14.472546
14.470351
14.454669
14.455562
14.459750
14.451009
14.447629
14.432448
14.416704
14.422804
14.421698
14.417386
14.410836
14.409563
14.413206
14.421859
14.411794
14.414857
14.419821
14.416014
14.412748
14.414769
14.409533
14.410761
14.405326
14.414912
14.399967
14.403814
14.410684
14.408366
14.415862
14.409014
14.408870
14.410124
14.410472
14.405013
14.401273
14.408393
14.408187
14.414124
14.402569
14.416316
14.419852
14.422014
14.416815
14.419239
14.440169
14.432769
14.448098
14.449671
14.434495
14.403942
14.395173
14.390461
14.401178
14.394596
14.398962
14.388389
14.376565
14.380939
14.378000
14.375050
14.372118
14.367652
14.340933
14.349728
