24.354020
24.351086
24.356858
24.359696
24.357892
24.361134
24.361824
24.361312
24.354706
24.362442
24.339419
24.329350
24.329350
24.339516
24.331986
24.333449
24.352148
24.355762
24.353263
24.355730
24.363215
24.340577
24.342467
24.342313
24.350552
24.358640
24.357884
24.360672
24.384543
24.395289
24.395289
24.389170
24.403845
24.382677
24.381038
24.373441
24.389689
24.376886
24.386548
24.377268
24.381336
24.404350
24.405600
24.395638
24.381875
24.378557
24.379405
24.372612
24.363230
24.360659
24.365212
24.362896
24.385920
24.350252
24.359785
24.328380
24.321844
24.327141
24.327039
24.327254
24.332295
24.332108
24.342986
24.341934
24.338595
24.339773
24.355216
24.346509
24.350701
24.350520
24.365635
24.370176
24.368306
24.370319
24.373878
24.378955
24.378955
24.401706
24.375576
24.376366
24.373819
24.373995
24.374328
24.349311
24.349145
24.373291
24.394503
24.394244
24.400615
24.379135
24.358043
24.358792
24.358792
24.360305
24.360109
24.360248
24.393846
24.377522
24.378288
24.392062
24.375283
24.370246
24.374240
24.367058
24.360971
24.353327
24.330605
24.331481
24.335682
24.341066
24.341583
24.343099
24.359032
24.379770
24.376684
24.381529
24.368054
24.370637
24.361818
24.379209
24.379117
24.371280
24.382617
24.382617
24.375600
24.346077
24.349750
24.361965
24.367295
24.362817
24.370101
24.363907
24.375130
24.378394
24.371799
24.365905
24.375074
24.366243
24.370768
24.369484
24.384530
24.385346
24.383939
24.381731
24.385668
24.380329
24.387343
24.397985
24.390162
24.373775
24.377816
24.383786
24.413999
24.417337
24.418563
24.432304
24.422676
24.404991
24.403529
24.409260
24.410611
24.418663
24.414259
24.405076
24.401643
24.406539
24.406539
24.381261
24.362359
24.394781
24.394781
24.399168
24.378149
24.384952
24.381021
24.367610
24.383439
24.374721
24.368275
24.341109
24.335541
24.332304
24.332237
24.330556
24.326811
24.330339
24.339939
24.339640
24.343896
24.383673
24.373154
24.330504
24.327558
24.326262
24.325942
24.315603
24.315603
24.328457
24.336754
24.339368
24.340384
24.352169
24.356832
24.377095
24.377526
24.377526
24.388100
24.396090
24.406343
24.418592
24.473163
24.497184
24.475307
24.449475
24.431023
24.420818
24.416062
24.410202
24.406418
24.387703
24.379913
24.375019
24.382277
24.381679
24.377424
24.375474
24.374291
24.365078
24.357754
24.357754
24.350695
24.351598
24.353025
24.346912
24.352276
24.355643
24.347263
24.357977
24.355868
24.362277
24.361489
24.363084
24.357218
24.370295
24.339210
24.345316
24.328504
24.348958
24.370324
24.375500
24.402694
24.386738
24.391315
24.384036
24.380775
24.379447
24.374016
24.393529
24.391927
24.389982
24.362035
24.350014
24.338855
24.337775
24.358684
24.347487
24.349562
24.350283
24.347663
24.365326
24.355212
24.341067
24.352059
24.352725
24.337695
24.340218
24.338826
24.336333
24.346033
24.338581
24.353927
24.355867
24.374648
24.370983
24.408049
24.385582
24.373700
24.352445
24.350998
24.354677
24.355234
24.361512
24.365335
24.368357
24.367274
24.367895
24.363997
24.384248
24.386230
24.384484
24.425494
24.375622
24.407312
24.365665
24.365757
24.365258
24.405030
24.405960
24.399694
24.396672
24.396672
24.394792
24.401725
24.383549
24.373131
24.363743
24.353262
24.353624
24.360557
24.366641
24.367096
24.363664
24.363664
24.349553
24.335792
24.335990
24.338457
24.344539
24.357819
24.366230
24.362628
24.367066
24.378775
24.385351
24.387395
24.387395
24.398616
24.403972
24.419054
24.424552
24.406721
24.409693
24.352800
24.352521
24.361627
24.377325
24.377257
24.381608
24.392757
24.384747
24.371572
24.374608
24.364882
24.376474
24.377940
24.384841
24.377202
24.419517
24.409048
24.395751
24.454858
24.383024
24.398078
24.387367
24.406032
24.405556
24.415662
24.427550
24.433608
24.430797
24.425392
24.409601
24.413129
24.402655
24.406664
24.403056
24.393688
24.383813
24.382270
24.385318
24.399701
24.392346
24.411904
24.406723
24.410386
24.410171
24.436536
24.459310
24.492254
24.495028
24.493468
24.482093
24.468137
24.461140
24.436491
24.414454
24.405933
24.388445
24.377968
24.399182
24.399182
24.390150
24.394422
24.399655
24.412920
24.390287
24.393326
24.390655
24.402198
24.407215
24.428488
24.434162
24.434990
24.443525
24.436660
24.411386
24.416339
24.419196
24.391014
24.383313
24.374448
24.375520
24.387724
24.377111
24.386614
24.382017
24.376516
24.378144
24.381576
24.380411
24.395756
24.398267
24.403478
24.403478
24.413502
24.426998
24.384242
24.396250
24.403282
24.420917
24.444277
24.442996
24.440864
24.468570
24.468570
24.462046
24.443466
24.434891
24.412694
24.430072
24.430702
24.412306
24.411438
24.427982
24.427982
24.426548
24.416196
24.411172
24.422710
24.397167
24.405248
24.376040
24.392593
24.393767
24.405582
24.395006
24.375235
24.388813
24.397261
24.387694
24.377178
24.382019
24.382019
24.376257
24.356249
24.356221
24.361505
24.358896
24.366724
24.366190
24.368985
24.356166
24.365329
24.368858
24.380878
24.372510
24.372510
24.377193
24.377193
24.374033
24.377170
24.398186
24.395739
24.388031
24.390026
24.413264
24.429872
24.414082
24.412955
24.403589
24.401326
24.411244
24.396918
24.401789
24.403516
24.398770
24.434292
24.408940
24.394009
24.393881
24.385829
24.380353
24.370218
24.355708
24.361172
24.358933
24.358933
24.354188
24.361140
24.362166
24.366504
24.402172
24.410681
24.402976
24.433642
24.439758
24.442654
24.441781
24.435049
24.432016
24.406398
24.407402
24.398593
24.400787
24.398517
24.406997
24.393934
24.411356
24.391167
24.367001
24.367001
24.366247
24.368084
24.356280
24.368200
24.361866
24.354917
24.352668
24.354192
24.355662
24.369762
24.368279
24.366993
24.368200
24.372672
24.352194
24.370073
24.380489
24.375720
24.378930
24.378570
24.379128
24.386363
24.387960
24.421065
24.421065
24.415929
24.395526
24.400058
24.396910
24.397783
24.399069
24.393767
24.393767
24.400099
24.405131
24.417566
24.414264
24.417172
24.394363
24.381815
24.427625
24.402814
24.410842
24.372983
24.343112
24.352469
24.343750
24.345682
24.344837
24.333989
24.335109
24.340509
24.352413
24.365076
24.354772
24.357985
24.350201
24.349499
24.350568
24.345922
24.345495
24.345026
24.341777
24.340776
24.346919
24.355954
24.355558
24.464301
24.381596
24.383263
24.408284
24.404849
24.410513
24.393183
24.400084
24.397098
24.388137
24.416587
24.423111
24.418616
24.406669
24.412702
24.434529
24.445361
24.412278
24.414633
24.429189
24.447764
24.434950
24.431030
24.427192
24.420396
24.420396
24.412319
24.407622
24.402152
24.406302
24.394293
24.381568
24.381497
24.382859
24.380643
24.380242
24.378709
24.389099
24.394263
24.405552
24.405552
24.398607
24.396535
24.395717
24.396639
24.395384
24.393407
24.382992
24.390619
24.392859
24.394091
24.400541
24.406062
24.384337
24.377246
24.398213
24.407680
24.400498
24.397274
24.392573
24.385219
24.415210
24.410007
24.402599
24.402599
24.428772
24.428772
24.424398
24.426346
24.423115
24.399658
24.382730
24.380710
24.354385
24.378524
24.394496
24.383927
24.379241
24.402433
24.404326
24.399323
24.399081
24.399361
24.388241
24.402544
24.404015
24.384836
24.383116
24.380358
24.392667
24.373216
24.377341
24.375854
24.369767
24.372218
24.362487
24.373314
24.384853
24.384853
24.400414
24.392547
24.392123
24.401972
24.413271
24.414726
24.410389
24.421772
24.415013
24.428721
24.421067
24.418167
24.413423
24.395820
24.393740
24.408202
24.383628
24.372681
24.382561
24.375301
24.374710
24.373104
24.363508
24.357466
24.350263
24.347095
24.373792
24.372582
24.374210
24.378612
24.368386
24.373278
24.346097
24.344617
24.341941
24.324429
24.332009
24.328578
24.331174
24.332089
24.323843
24.323843
24.329158
24.325504
24.326266
24.327194
24.327194
24.327194
24.335152
24.331476
24.342838
24.349579
24.341798
24.339702
24.338823
24.338186
24.325426
24.324142
24.327234
24.333483
24.335453
24.333677
24.341581
24.338864
24.341171
24.341171
24.333710
24.341263
24.353813
24.346584
24.349181
24.352932
24.336975
24.341446
24.346344
24.331460
24.342332
24.329399
24.320845
24.327182
24.331701
24.341577
24.365479
24.368990
24.377595
24.383217
24.375730
24.375695
24.367775
24.394492
24.406628
24.413269
24.411930
24.422315
24.409381
24.392194
24.391773
24.404825
24.386996
24.389072
24.397361
24.401854
24.426660
24.420688
24.408961
24.421550
24.406697
24.424216
24.427574
24.447817
24.431450
24.453338
24.440342
24.428698
24.424630
24.417032
24.422718
24.422718
24.422718
24.432824
24.430057
24.417539
24.442580
24.441710
24.479413
24.462974
24.415139
24.424340
24.423194
24.427737
24.412950
24.402087
24.380240
24.367917
24.361750
24.361750
24.377936
24.375041
24.372965
24.356102
24.355239
24.363635
24.349737
24.349001
24.357337
24.396475
24.394277
24.396651
24.365263
24.365263
24.388167
24.383608
24.384572
24.365739
24.368568
24.373025
24.366313
24.362165
24.361075
24.360542
24.362859
24.358850
24.360930
24.367776
24.369639
24.375733
24.405218
24.392853
24.392853
24.412053
24.406014
24.404422
24.405310
24.399889
24.393614
24.393925
24.392103
24.397518
24.395825
24.389016
24.370512
24.363064
24.376095
24.354977
24.361600
24.356159
24.354447
24.367769
24.372346
24.400773
24.419762
24.454441
24.424956
24.394945
24.387859
24.376937
24.393891
24.387407
24.361108
24.375741
24.374362
24.361143
24.351864
24.356383
24.367394
24.367505
24.369320
24.378006
24.399689
24.412682
24.381298
24.388597
24.378944
24.373739
24.368492
24.364124
24.369353
24.370623
24.377826
24.376251
24.365030
24.366366
24.363264
24.363264
24.362117
24.354273
24.354273
24.346959
24.363573
24.369657
24.396890
24.371411
24.379451
24.376387
24.376827
24.395284
24.403907
24.414279
24.415252
24.428264
24.437591
24.440369
24.377890
24.375905
24.389793
24.390362
24.397716
24.398350
24.405786
24.424600
24.428980
24.421139
24.472164
24.520766
24.476348
24.532524
24.420299
24.421521
24.406894
24.399337
24.391804
24.390416
24.403307
24.395323
24.383941
24.375024
24.374512
24.375417
24.368100
24.369749
24.368950
24.371593
24.379266
24.396290
24.386865
24.387793
24.390497
24.379722
24.394268
24.400898
24.386574
24.400366
24.410035
24.410035
24.421238
24.411978
24.418972
24.400453
24.422779
24.383656
24.435743
24.430520
24.437379
24.413614
24.413614
24.416689
24.405213
24.417892
24.413798
24.416944
24.417192
24.411872
24.405764
24.389206
24.392811
24.409647
24.401514
24.401151
24.404005
24.434632
24.433647
24.430021
24.435998
24.438366
24.429948
24.439141
24.435010
