16.944879
17.233556
16.894036
16.869148
16.914649
17.061345
16.899989
17.003282
17.063391
17.060166
17.109273
17.544531
17.432118
17.427998
17.281511
16.609335
16.804519
16.632042
16.462727
16.367656
16.365422
16.501218
16.884053
16.650630
16.736636
16.675397
16.768282
16.776304
16.702657
16.766117
16.545432
16.577862
16.351647
16.392997
16.339830
16.150881
16.179598
15.980794
16.029881
15.932039
15.899068
15.920668
15.855635
15.850121
15.811701
15.768779
15.851470
15.837363
15.733286
15.775232
15.637252
15.719394
15.592284
15.946312
15.903126
15.935176
15.719209
15.908859
15.863684
15.809683
15.535173
15.553931
15.425260
15.467344
15.451051
15.490932
15.492304
15.264347
15.233878
15.243331
15.334494
15.137833
15.005316
14.876062
14.775962
14.794554
14.734447
14.596584
14.585088
14.709130
14.727200
14.898752
15.192220
15.178053
15.023691
14.874770
14.894301
14.901515
14.964983
14.851514
14.970214
14.961513
14.874340
15.150490
15.382752
15.402120
15.483508
15.567064
15.237184
15.376692
15.465673
15.505060
15.497648
15.466229
15.286669
15.201171
15.194208
14.978264
14.880445
14.842739
15.051354
14.931310
14.824199
14.848569
15.015168
15.045624
14.875664
14.687518
14.701451
14.910221
14.930006
14.972291
15.055412
15.014506
15.072813
15.019814
15.083099
15.247567
15.263828
15.472456
15.550738
15.846522
16.198974
16.331206
16.439254
16.477420
16.256249
16.256249
16.367064
16.245894
16.337282
16.322369
16.263854
16.008339
15.920135
16.051407
16.374240
16.306218
16.208060
16.208060
16.130331
16.502142
16.315404
16.011313
16.113077
15.814153
15.702704
15.730011
15.636026
15.656564
15.474488
15.326469
15.353471
15.353471
15.542318
15.541511
15.602335
15.837503
15.873656
15.726426
15.549089
15.509915
15.605983
15.647349
15.283556
15.217637
15.180833
15.243643
15.305763
15.516239
15.452774
15.414691
15.400005
15.300066
15.248397
15.256009
15.386943
15.131417
15.131417
15.256216
15.237495
15.252728
15.202341
15.274850
14.782542
14.857118
14.711711
14.690701
14.703075
14.824914
14.928330
15.007127
15.128622
14.998555
15.139137
15.155736
15.153480
15.235143
14.974276
14.989120
15.112625
15.290315
15.360064
15.047468
15.119125
15.110813
14.787242
14.807371
14.933435
15.087027
15.178491
15.115735
14.906327
14.853017
14.871706
14.892236
14.733630
14.868316
14.797692
14.621350
14.517745
14.464200
14.488947
14.402402
14.350469
14.714676
14.607871
14.484706
14.455140
14.659236
14.068002
14.133436
14.200339
14.121839
14.117536
14.068900
14.194260
14.276400
14.376593
14.277096
14.265207
14.372499
14.481578
14.641284
14.607687
14.735124
14.740910
14.634375
14.624825
14.469213
14.453462
14.415818
14.373238
14.506064
14.278788
14.296303
14.074938
14.265114
14.241605
14.380412
14.476084
14.667338
14.802283
14.697647
14.722566
14.722181
14.725453
14.825091
14.966401
15.020268
14.939792
14.939792
14.849570
14.928665
14.980661
14.918870
14.928793
14.944154
14.935412
14.930385
15.000629
14.944253
15.079649
15.113114
15.008980
14.828498
14.753268
14.710636
14.628501
14.652451
14.702105
14.527623
14.434788
14.358700
14.462417
14.590529
14.520590
14.488219
14.256118
14.200745
14.183275
14.118337
14.419073
14.651645
14.596380
14.528320
14.957081
15.092258
15.080420
14.991468
15.041237
15.250981
14.979830
14.938580
14.955537
14.910117
15.010796
15.120891
15.439434
15.439434
15.582317
15.821680
15.484550
15.293403
15.529276
15.329009
15.006399
14.994499
15.093935
15.103862
15.379879
14.849320
15.293751
15.530236
15.530236
15.496090
15.496557
15.515625
15.586891
15.726015
15.678907
15.682813
15.605099
15.528577
15.528395
15.354814
15.257602
15.302547
15.454371
15.562086
15.418871
15.810688
15.801204
15.685665
15.619580
15.541663
15.586977
15.828468
15.934179
15.835431
15.697804
15.724161
15.793706
15.679953
15.707332
15.771873
15.779757
15.671383
15.554603
15.587513
15.571503
15.511316
15.645210
15.688839
15.766182
15.767060
15.676280
15.600240
15.871263
15.961534
15.901068
15.875858
15.905572
15.687742
15.385318
15.288918
15.470008
15.524344
15.523781
15.536325
15.611211
15.571860
15.349368
15.610710
15.423205
15.221736
15.241251
15.270947
15.270923
15.388137
15.281489
15.335146
15.232016
15.100171
14.986792
14.934375
14.970074
14.874899
14.802871
14.800906
14.739491
14.597329
14.652065
14.761221
14.884660
14.967114
14.756762
14.674055
14.500019
14.614679
14.649050
14.597831
14.703426
14.637842
14.536363
14.563655
14.586929
14.603223
14.626290
14.580188
14.680165
14.308507
14.325099
14.451307
14.393720
14.327361
14.146451
14.138078
14.072896
14.051769
14.002229
13.888745
13.977760
13.899290
13.931029
13.748072
13.666304
13.642295
13.702337
13.925219
14.195611
14.295770
14.239475
14.177496
14.228939
14.184516
14.068785
13.860460
13.829296
13.657980
13.731110
13.747658
13.765852
13.715800
13.705743
13.774518
14.005462
13.953869
13.971530
14.044605
14.003328
14.033667
14.004625
13.966242
14.086461
14.055127
14.146666
14.131758
14.188837
14.113587
14.225674
14.281543
14.352898
14.357101
14.456945
14.605187
14.615549
14.606712
14.685736
14.638960
14.819508
14.818177
15.060399
15.073247
15.108218
15.042734
15.132500
15.282589
14.956998
14.959813
15.237883
15.207824
15.264596
15.154029
14.923926
14.915305
14.567989
14.661128
14.606607
14.680862
14.463886
14.555914
14.418716
14.398154
14.367438
14.301594
14.249407
14.258754
14.266926
14.064896
14.050155
14.189269
14.365954
14.620504
14.497568
14.552772
14.509810
14.646263
14.784420
14.753285
14.918861
14.871254
14.992901
14.898793
14.775951
15.013886
15.010499
14.845354
14.888785
14.815414
14.946884
14.985951
14.847970
14.502973
14.596881
14.623441
14.835081
14.724188
14.724188
14.677154
14.662774
14.685408
14.641673
14.676120
14.586510
14.594731
14.586628
14.597774
14.682513
14.712856
14.712856
14.762297
14.683817
14.780052
14.846685
15.098737
15.078881
15.113538
15.168897
15.123839
15.167256
15.181395
15.051753
15.390379
15.357361
15.588114
15.792077
15.784710
15.838222
15.462463
15.448080
15.586514
15.602723
15.759342
15.588111
15.753812
15.693239
15.378797
15.316626
15.244971
15.356218
15.327356
15.391397
15.262837
15.342257
15.246591
15.226222
15.398728
15.411663
15.358713
15.005661
15.000475
15.188814
15.269393
15.167155
15.069017
15.083529
15.134183
15.118842
15.170453
15.379845
15.523164
15.123193
15.247777
15.286583
15.285691
15.352960
15.348756
15.348756
15.380323
15.231931
15.158195
15.222257
15.244864
15.191217
15.236442
15.117034
14.900382
14.833206
14.818200
14.777358
14.833266
14.887840
14.887840
14.860246
14.822079
14.789299
15.076221
15.081289
15.075670
15.125461
15.205841
15.248994
15.330248
15.302982
15.126473
15.068765
15.117983
15.029441
14.905944
14.701195
14.901111
14.950320
14.978686
15.071049
15.141861
14.928751
15.020303
15.329492
15.163985
15.030450
15.186905
15.060530
15.152834
15.220192
15.044810
14.975693
14.986219
14.954735
15.113217
15.258829
14.975069
15.040155
14.831923
14.784651
14.854931
15.050536
15.175587
15.124828
15.135767
15.098068
15.074659
15.147569
15.161653
15.360822
15.359290
15.340240
15.594755
15.720499
15.693832
15.673618
15.692291
15.794189
15.991557
16.389361
16.536374
16.755536
16.820638
16.987051
17.052202
17.377774
17.148394
17.046101
17.089601
17.062925
17.121221
17.072585
16.996571
16.817883
16.925522
16.945547
16.933664
16.741472
16.689050
16.631611
16.435503
16.414071
16.481403
16.295377
16.299116
15.985641
16.126312
16.284391
16.157061
15.939155
15.517158
15.541353
15.607079
15.672053
15.807178
15.931240
15.861290
15.831588
15.831588
15.729725
15.845874
15.841976
15.679561
15.710963
15.808370
15.909166
16.092717
16.070711
16.099739
16.155812
16.220973
16.352747
16.843682
16.873805
16.690009
16.890320
16.979130
16.960705
17.034720
17.139713
17.188049
17.233251
16.850717
16.808620
16.704581
16.414637
15.974044
16.157267
16.116792
15.781976
15.895356
15.811736
15.849482
15.884891
15.618381
15.519687
15.515251
15.443929
15.663651
15.601013
16.096551
15.880816
15.991798
16.188737
16.090392
16.231859
16.364744
16.351222
15.851889
15.959027
16.078525
16.116651
16.410037
16.312077
16.901204
16.987623
17.169827
17.333026
17.362808
17.528363
17.625877
17.688902
17.603096
17.396371
17.168339
17.072834
16.941884
17.128274
17.481479
17.744457
17.723400
17.466501
17.363322
17.870841
18.156632
17.887715
17.753814
17.441024
17.313044
17.313044
17.564656
17.823958
17.860532
17.774464
17.510626
17.619225
17.215039
16.886701
17.220156
17.368242
17.501935
17.805319
17.931660
17.990415
17.891074
17.882050
17.777868
17.523650
17.089118
17.335397
17.499939
17.528623
17.299889
17.243059
17.193971
17.323571
17.249259
17.145928
17.004519
16.886155
16.802387
16.547861
16.441242
16.537524
16.552571
16.493076
16.751645
17.003043
17.455097
17.106234
17.119337
17.123895
16.753154
16.723883
16.843994
16.664424
16.459254
16.393421
16.363943
16.453515
17.026652
17.048157
16.814515
16.519252
16.419907
16.484348
16.257966
16.398815
15.863099
15.663787
15.584634
15.628566
15.838040
16.209368
15.993992
15.975145
15.996431
15.698596
15.758078
15.652323
16.056079
16.006803
15.756881
15.780133
15.921796
15.775713
15.517011
15.364556
15.512929
15.768892
15.828357
15.639356
15.484308
15.553021
15.562088
15.621794
15.343849
15.215294
15.070157
15.157334
15.233749
15.253598
15.300607
15.397359
15.289141
15.210424
15.274737
15.344543
15.258635
15.258635
15.252033
15.270499
15.403498
15.497593
15.237679
15.305812
15.597756
15.535829
15.281846
15.263035
15.234087
15.311207
15.405501
15.317983
15.377915
15.326842
15.140171
15.170512
15.010868
15.150103
15.018250
15.077075
15.155437
15.242973
15.292982
15.107178
15.024171
14.997347
15.051497
15.375564
15.527985
15.547311
15.384372
15.521488
15.349390
15.363877
15.186407
15.206442
14.998711
15.104231
15.254030
15.259065
15.179365
15.300932
15.111118
15.078409
15.213388
15.343434
15.190442
15.266245
15.207148
15.102784
15.147600
15.217028
15.140548
15.186252
15.364893
15.250719
15.186438
15.222521
15.275427
15.439175
15.251955
15.348988
15.417716
15.417716
15.502863
15.455584
15.375214
15.445626
15.416414
15.441273
15.388176
15.284580
15.361157
15.028404
14.990539
15.144919
14.964400
14.918156
14.677563
15.116749
15.158327
15.135056
15.098524
15.315390
15.184015
15.321809
15.245239
15.199221
15.005111
15.159138
15.173514
15.203137
15.385661
15.444526
15.367557
15.299827
15.366465
15.630625
15.691650
15.554868
15.718018
15.719434
15.625570
15.637101
15.974083
15.720020
15.615251
15.714231
15.761228
15.686980
15.776304
15.800748
15.773810
15.732141
15.768382
15.530937
15.508720
15.629523
15.817485
15.968385
16.048595
16.094207
16.123996
16.466907
16.416997
16.357907
16.322295
16.256838
16.269878
16.007925
15.675857
15.802169
15.803275
15.827992
15.653754
15.894834
15.794254
15.815841
15.793592
15.876572
16.087305
16.115466
15.989603
15.832685
15.819065
16.021716
16.013631
16.244244
16.006661
15.757080
15.809137
15.794374
15.898800
15.505396
15.355306
15.285042
15.279519
14.992519
15.119450
15.208691
15.231900
15.756549
15.852812
15.844328
16.044298
16.006676
16.409158
16.423929
16.457288
16.448816
16.838461
16.813124
16.672816
16.672816
16.825719
16.877121
17.056515
17.132385
16.773488
16.541671
16.758366
16.711109
16.806807
17.058795
17.194879
17.390978
17.340801
17.375082
16.985121
16.881823
16.279453
16.430626
16.228420
16.299007
16.107305
15.896146
15.916524
15.992328
15.927500
15.712173
15.618974
15.389674
15.369063
15.402465
15.393909
15.214348
15.140655
15.345811
15.373473
15.249403
15.712472
15.612707
15.847361
15.847361
15.787391
15.747903
15.649698
15.590943
15.314744
15.822838
15.928823
15.920057
15.874606
15.843105
15.491167
15.635733
15.523532
15.647569
15.619844
15.734952
15.788320
15.485367
15.466640
15.726319
15.296607
15.125226
15.093598
15.208071
15.050736
14.979098
15.020120
15.145046
15.143378
15.041342
14.841905
14.881118
14.939246
15.064185
15.228912
15.287636
15.093998
15.096709
14.967024
15.061104
15.043491
15.112577
15.153219
15.315015
15.198019
15.403421
15.472475
15.468849
15.418809
15.467181
15.397218
15.287003
15.225021
15.504718
15.856856
15.867456
15.811815
15.557378
15.546889
15.474610
15.715697
15.698371
16.021627
16.019128
15.944256
15.882926
15.964980
16.003117
16.148544
15.997954
15.938218
15.927014
15.823132
15.803163
15.888245
15.739990
15.741318
15.820647
15.854088
16.064294
15.932280
16.233819
16.114798
15.787014
15.713588
15.745221
15.403761
15.520164
15.621677
15.836027
16.060511
16.116517
16.074950
16.047164
15.973983
16.092533
15.927894
15.858574
15.872699
16.110405
16.137736
16.531381
16.630157
16.685592
16.660188
16.116391
16.572242
16.862668
16.958463
16.725489
16.639664
16.496605
16.475728
16.165231
16.276686
16.388528
16.465491
16.453479
16.366715
16.418733
16.252591
16.193583
16.418048
16.382397
16.327664
16.313974
16.213522
15.943144
15.989538
16.212351
16.314193
15.964263
16.022925
16.139695
16.416626
16.483532
16.432085
16.478032
16.502368
16.663953
16.676501
16.918987
16.948159
16.853457
16.876589
17.158978
17.132084
16.627962
16.704944
16.868972
16.889774
16.889774
17.099074
17.049430
16.965587
16.986695
16.828263
16.892665
16.848774
16.846629
16.715598
16.411501
16.553792
16.486080
16.479741
16.445852
16.094192
15.970475
15.698562
15.622700
15.516207
15.355508
15.374895
15.391457
15.451225
15.480710
15.463798
15.283699
15.400742
15.229095
14.937513
15.028278
15.082265
15.184394
14.995936
14.970387
14.613745
14.669934
14.787589
14.963118
14.793687
14.804945
14.527464
14.624446
14.695954
14.746218
14.667858
14.935101
15.128097
15.016588
14.959976
14.919293
14.906124
14.843690
14.767890
14.763763
14.645861
14.792912
14.771941
14.649757
14.624585
14.697667
14.641193
14.664357
14.563162
14.601390
14.647559
14.720909
14.638695
14.612676
14.441068
14.445197
14.620446
14.649818
14.678432
14.911216
14.859547
14.512829
14.693173
14.828900
14.765028
14.835437
14.855482
14.965008
14.943675
15.176205
14.694757
14.818920
14.954691
14.946765
14.871652
14.983982
15.062171
14.979539
15.008662
15.035507
14.925002
14.794144
15.117992
15.067977
14.990441
14.962320
14.909886
14.986999
14.887088
14.793448
14.705181
14.692071
14.537943
14.617205
14.672527
14.708419
14.690288
14.549217
14.591465
14.526149
14.204554
14.195833
14.092609
14.064354
14.113246
14.415461
14.350660
14.445548
14.684646
14.658709
14.761734
14.874962
15.024081
14.932243
15.236614
15.492640
15.523412
15.407294
15.464086
15.678349
15.642779
15.613714
15.795287
15.907831
15.850442
15.702263
15.741252
15.702398
15.591122
15.488215
15.532980
15.514130
15.545476
15.592899
15.244113
15.030890
14.967151
14.989791
14.986531
14.987594
15.000015
15.196395
14.989385
15.052892
14.956980
15.079878
15.040592
15.388292
15.360278
15.191095
15.161846
15.295136
15.341913
15.543606
15.304712
15.217784
15.152398
15.173584
15.472251
15.468097
15.502978
15.467134
15.437977
15.589194
15.725217
15.660789
15.762226
15.923474
15.988285
16.104770
16.104061
16.059973
15.930065
15.729216
15.568775
15.399587
15.462072
15.393463
15.235375
15.372657
15.415102
15.100914
15.100733
15.150938
15.067737
15.094636
14.866114
15.208775
14.961367
15.135142
15.009826
15.087794
14.623117
14.605646
14.769675
14.640345
14.402488
14.301813
14.380938
14.344558
14.527495
14.587165
14.585095
14.745087
14.525428
14.532236
14.650848
14.428964
14.454021
14.485690
14.597369
14.641621
14.576747
14.726938
14.750883
14.754444
14.833360
14.984178
14.951681
14.770247
14.843594
14.740070
14.885253
14.756450
14.789175
14.855117
14.713501
14.766293
14.713883
14.848115
14.781942
14.799742
14.718887
14.698073
14.858165
14.816790
14.948100
15.231937
15.209875
15.210681
15.346087
15.338129
15.283213
15.380085
15.327284
15.329440
15.493449
15.526844
15.647906
15.572047
15.587371
15.482442
15.468245
15.362968
15.048250
15.094144
14.911516
15.156544
15.356484
15.298920
15.276642
15.228996
15.195561
14.965582
14.968209
15.369625
15.379252
15.305849
15.268484
15.304218
15.405587
15.421617
15.464904
15.442517
15.428503
15.436787
15.217588
15.565457
15.509657
15.534914
15.485500
15.591290
15.695016
15.695016
15.698770
15.539797
15.918438
15.656394
15.648672
15.767051
15.745085
15.756219
15.714399
15.533903
15.687542
15.637504
15.677502
15.663231
15.602521
15.800890
15.770238
15.726966
15.819543
15.649126
15.771057
15.748430
15.909546
15.941980
15.929100
15.865119
15.841042
15.853732
15.815515
15.981018
15.880581
15.999130
15.860275
15.815524
15.601967
15.764775
15.777338
15.690151
15.651034
15.788356
15.391369
15.308811
15.282235
15.253958
15.235381
15.259141
15.332659
15.205436
15.276333
15.241571
15.391124
15.352379
15.454542
15.170505
15.543299
15.350629
15.399439
15.388093
15.581077
15.691341
15.713694
15.609675
15.804430
15.600363
15.666915
15.479490
15.563071
15.668191
15.327038
15.374141
15.352131
15.222547
15.168705
15.010554
15.036593
15.096293
14.803145
14.638086
14.649137
14.654167
14.521874
14.573271
14.512149
14.317988
14.513927
14.432729
14.405800
14.455114
14.568025
14.768707
14.777277
14.817949
14.981297
14.788529
14.848245
14.914825
15.192807
15.357036
15.427242
15.320250
15.471665
15.342817
15.643926
15.500342
16.036636
16.506866
16.603752
16.603752
16.439899
16.774257
16.711480
16.497153
16.434120
16.432572
16.187322
16.124556
16.023788
16.158431
16.113928
16.023234
15.733073
15.467759
15.462075
15.316182
15.494498
15.301451
15.592609
15.691027
15.648808
15.690543
15.532759
15.657707
15.538209
15.542237
15.804295
15.794440
15.817513
15.944023
16.071876
15.918543
15.937446
15.817640
15.957465
15.958379
15.989100
15.954809
15.840277
16.216644
16.069075
15.965630
16.082111
16.000593
15.919394
15.753119
15.484708
15.448619
15.547027
15.357524
15.144340
15.086141
15.064010
14.960413
14.819324
14.735759
14.617151
14.616459
14.627737
14.519459
14.587732
14.774374
14.911159
14.919595
14.845538
15.139485
15.151473
15.365018
15.334135
15.296848
15.032206
15.084394
15.193268
15.342433
15.580586
15.378655
15.543014
15.674887
15.684792
15.587898
15.661856
15.626600
15.539071
15.565855
15.846164
15.874625
15.752212
15.971955
16.016720
16.062263
15.884949
16.056656
15.999020
15.992074
15.980758
15.815981
15.754306
15.511411
15.555748
15.698929
15.549589
15.625330
15.825195
16.093301
16.367490
16.579290
16.882252
16.850569
16.973862
16.910733
17.301525
17.143127
17.158615
17.118461
17.500487
17.363381
17.244746
16.563985
16.504451
16.376151
16.293456
16.309711
16.169317
15.978669
16.011370
15.940877
15.916119
16.032753
16.247787
16.049707
16.379440
16.327736
16.437556
16.826350
16.886187
16.764314
16.711178
16.737413
17.272337
17.333056
17.979552
17.923672
17.798005
17.338289
17.364358
17.333588
17.349488
17.584052
17.516856
17.495984
17.670375
17.626519
17.588169
17.648484
17.706302
17.661333
17.246215
17.160110
17.031793
16.896994
16.336741
16.341874
16.308499
16.176015
16.093823
16.228196
16.153313
16.138536
15.893914
15.756199
15.875095
15.883744
15.713072
15.816503
15.875456
15.692962
15.804659
15.654446
15.576631
15.512436
15.525635
15.179180
15.071547
14.946209
14.844103
14.843976
15.141301
15.144159
15.221084
15.459822
15.516529
15.603407
15.505165
15.426347
15.452768
15.731401
15.543338
15.631108
15.775083
15.855625
15.900235
16.202327
16.004099
16.076472
16.085263
16.294991
16.333564
16.344283
16.193064
15.905641
16.004246
16.053216
15.753105
15.858049
15.617521
15.350909
15.597627
15.613767
15.448473
15.127218
15.164925
15.188142
15.100016
15.088308
15.221555
15.172344
15.322105
15.073744
15.249450
15.252463
15.430632
15.172051
15.129605
15.170860
15.111765
15.279446
15.251467
15.571686
15.576170
15.515082
15.562260
15.551889
15.616739
15.861934
15.714230
15.568462
15.445238
15.765397
15.563139
15.417425
15.302161
15.518609
15.542854
15.560877
15.732678
15.427203
15.427203
15.399389
15.240335
15.187713
14.964857
14.955042
15.388072
15.252496
15.127067
15.136941
15.279714
15.250768
15.250768
15.084395
15.248463
15.200080
15.208078
15.123696
14.841100
14.979276
14.827685
14.887166
15.028001
14.920737
14.912579
14.922400
14.820514
15.138153
14.973516
15.168587
15.171055
15.147195
15.048761
15.017395
15.272657
15.243753
15.193376
15.235923
15.223789
15.197190
15.694357
15.788923
15.364801
15.051255
14.987309
15.225542
14.860098
14.842595
14.668186
14.516984
14.400951
14.455569
14.482633
14.468025
14.458500
14.382899
14.236228
14.211673
14.168871
14.028385
14.020443
14.137780
14.079917
13.981527
14.028290
13.988851
13.863103
13.855387
13.859094
14.020539
14.039454
14.101202
14.196867
13.928159
13.996415
13.844786
13.820383
14.118241
14.197168
14.197168
14.113805
14.043812
13.970174
13.860384
13.823916
13.823916
13.765123
13.937028
13.988922
13.943279
13.740875
13.698248
13.810238
13.823247
13.794768
13.809900
13.801478
13.642600
13.640354
13.803645
13.838684
13.690584
13.714450
13.824681
13.858596
13.819448
13.858373
13.816189
13.859342
13.852668
13.842114
13.836696
13.838355
13.885396
14.012414
13.991214
13.901698
13.923791
14.011237
13.929067
14.064808
14.089061
14.107367
14.185607
14.226103
14.533444
14.527357
14.649959
14.938094
15.027167
14.858516
14.749170
14.836726
14.869163
14.814498
14.935948
14.737010
14.873529
14.925803
15.085455
14.703070
14.780156
14.790790
14.741795
14.732833
14.921045
14.966175
14.849197
15.013093
15.111200
14.950730
14.837029
14.781725
14.749294
14.750872
14.810230
14.809502
14.893064
14.912000
14.969195
14.941480
14.974133
14.990811
14.948326
14.840539
14.823162
14.752172
14.657462
14.721882
14.689243
14.667887
14.724620
14.877778
14.853247
14.969194
15.249387
15.093890
14.963375
15.043700
14.954336
15.121744
14.835335
14.862420
14.850055
14.917546
14.788578
14.714845
14.665076
14.621252
14.579280
14.534856
14.552518
14.657563
14.724798
14.824351
14.656952
14.599762
14.526793
14.563772
14.537103
14.507981
14.541313
14.577048
14.410799
14.393939
14.347657
14.299196
14.209201
14.349232
14.377245
14.449746
14.541956
14.366544
14.290104
14.353694
14.359935
14.356640
14.294418
14.163463
14.537566
14.653873
14.552030
14.544396
14.568287
14.630503
14.539335
14.470481
14.534311
14.616215
14.706670
14.776742
14.899431
15.004276
15.468022
15.378818
15.145492
15.083054
15.008144
14.954561
14.859196
14.996188
14.914726
14.890340
14.793321
14.755506
14.558421
14.396937
14.862772
15.016230
14.715728
14.596385
14.580910
14.744488
14.766180
14.660060
14.624795
14.873276
14.887799
14.984651
14.888405
14.907364
14.914590
14.651992
14.642357
14.664926
14.524700
14.633278
14.523051
14.566100
14.740889
14.704954
14.745465
14.872620
14.840653
15.004819
15.081431
15.410857
15.301936
15.260448
15.045100
15.030990
15.001316
15.015011
15.155066
15.215806
15.002324
15.047986
14.981456
14.831520
15.000173
14.703959
14.642390
14.759934
14.644441
14.648506
14.760731
14.752744
14.809922
14.837028
14.882019
14.704583
14.713806
14.641400
14.641400
14.705402
14.537192
14.702266
14.571834
14.645284
14.790544
14.830804
14.845941
14.933684
15.196234
15.330043
15.383293
15.323937
15.340594
15.278010
15.397807
15.596968
15.415318
15.421257
15.248230
15.181342
15.228074
15.246684
15.054741
15.046927
14.978883
14.948980
14.921879
14.730080
14.623599
14.630616
14.592016
14.343395
14.297317
14.211681
14.161220
14.217213
14.176144
14.012061
14.274515
14.081490
14.188947
14.166588
14.262347
14.232724
14.029631
13.987495
13.983040
13.984285
14.045783
14.041824
14.070452
14.086065
14.238053
14.437672
14.511053
14.562588
14.577336
14.576768
14.498894
14.402988
14.511703
14.473583
14.638144
14.605222
14.657534
14.751290
14.633519
14.707897
15.055356
14.978281
14.866082
14.798295
15.179604
15.177155
15.163612
15.212163
15.152166
15.164290
14.785766
14.733684
14.807058
14.607874
14.421237
14.356999
14.507203
14.727108
14.714819
14.926198
14.911934
14.857143
14.942942
14.968225
14.864762
14.426891
14.518577
14.596641
14.574772
14.606204
14.729163
14.727977
14.631605
14.626985
14.651996
14.841801
14.649143
14.515126
14.724338
14.637217
14.703724
14.693731
14.732689
14.651431
14.737853
14.755154
14.504680
14.652919
14.715245
14.710235
14.598494
14.836336
14.655190
14.591433
14.591433
14.638451
14.907017
15.041255
14.950796
15.047532
15.213058
15.350418
15.142052
15.186481
15.070862
15.232313
15.117960
15.127160
15.505147
15.757831
16.319296
16.652444
16.674931
16.774716
16.874676
16.957552
16.907760
16.961168
16.992658
16.957159
17.161932
17.019779
16.913411
16.850473
16.944349
16.928135
16.750990
16.851526
16.753108
16.909184
16.949920
16.743611
16.638252
16.590744
16.553352
16.516550
16.399332
16.266521
16.228639
16.404860
16.417267
16.532465
16.789175
16.668646
17.237216
17.495864
17.411400
17.417670
17.555352
17.367545
17.214635
17.297807
17.601294
17.558962
17.552991
17.390737
17.297796
17.371008
17.382559
17.596734
17.103282
17.002428
16.773956
16.778305
16.909882
16.845651
16.781498
16.844099
16.501877
16.471204
16.275855
16.317891
16.413188
16.453991
16.296018
16.384930
16.352241
16.300778
15.878018
15.524627
15.379904
15.475736
15.581528
15.408012
15.492468
15.217682
15.291963
15.461638
15.441125
15.491950
15.667960
15.711040
15.637651
15.740569
15.760957
15.873440
15.938255
16.020506
16.104998
16.095693
16.122118
15.957069
15.993075
15.915014
15.969873
15.520617
15.732255
15.689608
15.738007
15.823614
15.791877
15.710097
15.705229
15.901790
15.810353
15.755466
15.839005
15.818110
15.807687
15.947181
16.141871
16.213058
15.886937
16.016064
15.968198
15.877702
15.868972
15.751473
15.950866
15.858319
16.255771
16.167390
16.173584
16.153139
16.225132
16.176638
16.173104
16.153812
16.075376
16.211359
16.271642
16.289975
16.289975
16.338092
16.302497
16.400444
16.479283
16.582857
16.783386
16.797180
16.880765
16.556832
16.510918
16.332085
16.199920
16.047245
16.010129
16.115954
16.112791
15.968311
16.098039
15.819283
15.919020
16.096061
16.331730
16.318570
16.817815
16.568781
16.688931
16.495943
16.157509
16.223095
16.270493
16.043789
15.989525
15.966954
15.833861
15.812756
15.778178
16.104911
15.983429
16.074920
16.090453
15.768057
15.893746
15.719234
15.607457
15.444050
15.332019
15.219905
15.190429
15.276600
15.259861
15.139633
14.953089
14.965679
14.979621
14.867050
14.998551
14.978671
14.847994
14.815846
14.626711
14.790378
14.580738
14.637153
14.573386
14.620853
14.531104
14.501580
14.572987
14.652157
14.624876
14.518540
14.313963
14.337727
14.424724
14.654355
14.680596
14.556732
14.682634
14.660880
14.806708
15.093806
15.220363
15.261910
15.414202
15.206396
15.158811
15.232685
15.331741
15.220983
15.194860
15.093193
15.076645
15.043058
15.059713
14.930923
14.863910
14.955852
15.242849
15.046278
15.109715
15.012593
15.100600
15.093105
14.839760
15.020318
14.968818
14.722541
14.715027
14.670813
14.619494
14.687734
14.633671
14.704442
14.498424
14.507827
14.459203
14.355288
14.357974
14.360700
14.432476
14.715523
14.715533
14.834544
14.907845
14.782717
14.593039
14.592504
14.527911
14.445120
14.379808
14.492634
14.602952
14.586482
14.763965
14.913758
15.102302
15.105887
15.102486
15.130444
15.189072
15.020106
14.894060
14.829806
14.999281
15.212931
15.192145
15.275548
15.262817
15.308083
15.332079
15.288743
15.113263
15.168412
15.139091
15.018473
15.011473
14.961426
15.090530
15.296830
15.206594
15.085947
15.111981
14.962228
14.834102
14.892228
14.872841
15.188967
15.071006
15.026154
15.131816
14.824598
14.812188
15.071240
15.079948
15.205976
15.337186
15.494729
15.590981
15.648782
15.433559
16.002993
15.942299
15.985590
16.271437
16.321009
16.281940
16.324469
16.232252
16.171486
16.145454
16.092414
16.097842
15.794821
15.831397
15.971764
16.159891
16.373712
16.220347
16.201143
16.482619
16.205589
16.221680
16.035399
15.853633
15.784365
15.699435
15.610584
15.621548
15.577717
15.599467
15.908528
16.015100
16.048886
16.075947
15.951391
16.321814
16.160828
16.150421
16.185838
16.016859
15.919444
15.811819
15.799306
15.597278
15.696861
15.618136
15.541602
15.510341
15.581212
15.847870
16.125883
16.127634
15.855806
15.859388
15.376453
15.227008
15.210826
15.410711
15.470619
15.283965
15.307017
15.051803
15.301017
15.293402
15.129113
15.095231
14.924134
14.824298
14.754030
14.763296
14.734733
15.039796
15.036694
15.036694
14.649311
14.497013
14.618624
14.696072
14.759728
15.109315
15.021492
14.985358
15.017932
15.022323
14.971054
14.958041
14.804551
14.852625
14.895117
14.852827
14.845255
14.371688
14.523662
14.577883
14.335750
14.241111
14.449675
14.486187
14.431706
14.452939
14.510757
14.385042
14.368483
14.478196
14.680296
14.641888
14.728003
14.898559
15.171582
14.922063
14.878895
14.799891
14.545133
14.448236
14.376598
14.273860
14.221199
14.175634
14.203601
14.180072
14.236970
14.254080
14.220838
14.165409
14.241572
14.253536
14.201290
14.281865
14.330866
13.948815
13.856327
14.044901
13.991587
14.045633
14.040996
13.958736
13.927662
14.127080
14.326248
14.342564
14.102196
14.105372
14.125533
14.163933
14.194131
14.146210
14.250958
14.337842
14.300518
14.256595
14.170326
14.466286
14.747759
14.765120
14.691363
14.664391
14.698466
14.706324
14.763779
14.782581
14.698230
14.736158
14.762581
14.732156
14.630008
14.787128
14.667802
14.564376
14.453928
14.747680
14.580225
14.311504
14.340424
14.453385
14.311746
14.308463
14.838350
14.996578
15.007550
15.025742
15.185980
15.222217
15.249829
15.254691
15.204903
15.244309
15.132341
15.352099
15.226169
15.144373
15.365663
15.383581
15.360064
15.608054
15.584511
15.677455
15.723516
15.743946
15.756232
15.818881
15.997221
16.048403
15.908872
15.941488
16.282352
16.224811
16.184528
16.176878
16.294709
16.328047
16.247411
16.192927
15.956607
15.852860
15.845402
15.655708
15.759007
15.751842
15.923645
15.942522
15.646137
15.735309
15.744711
15.014603
14.907241
15.203256
15.154978
15.381411
15.436264
15.355667
15.186819
15.222321
14.968210
14.963110
14.847696
15.006715
14.956453
14.998589
14.765297
14.650955
15.014428
15.116941
15.073736
15.205808
15.094485
15.200157
15.315559
15.494320
15.308859
15.473136
15.401725
15.248613
15.240321
15.459027
15.447464
15.474062
15.405773
15.405773
15.577850
15.513229
15.501274
15.285356
15.521327
15.451059
15.525848
15.392535
15.402210
15.569744
15.515354
15.602254
15.766247
15.955290
15.892741
15.875273
16.072232
15.898203
15.846449
15.903758
15.931305
15.917082
15.870831
15.797952
15.667268
15.931396
15.931396
15.890989
15.859894
15.941267
16.090453
15.922062
15.803854
15.733215
15.526681
15.506774
15.362405
15.488649
15.116185
14.914753
14.926643
15.001762
14.810173
14.676795
14.457166
14.504620
14.507114
14.876142
14.884691
14.846481
14.924570
15.070849
14.999040
15.032960
15.235835
15.128771
15.430138
15.431371
15.426236
15.355493
15.206494
15.307739
15.273475
15.187253
15.415415
15.113959
14.976915
14.816573
14.870115
14.756326
14.909723
14.909723
15.202662
15.257405
15.253468
15.152530
15.071158
14.861067
15.027283
15.109840
14.950458
14.913605
15.031600
15.246941
15.049311
15.027768
15.029987
14.808090
14.482767
14.479320
14.638338
14.682238
14.597526
14.808708
14.790021
14.948944
14.946461
14.897210
15.260116
15.352308
15.348565
15.345102
15.384265
15.219655
15.220553
15.349814
15.364974
15.354170
15.088268
15.005970
15.026174
15.133578
15.283149
15.291657
15.543417
15.434873
15.391138
15.557119
15.811225
15.792956
15.960276
15.553557
15.297613
15.343760
15.294643
15.251753
15.332612
15.367217
15.421645
15.433020
15.358411
15.337030
15.399641
15.477124
15.311790
15.395835
15.684639
15.835044
15.764413
15.820434
15.831846
15.849029
16.333644
16.373833
16.234088
15.793777
15.515745
15.114125
15.078061
14.960226
14.910296
14.900015
14.966815
14.761690
14.781981
15.473064
15.491164
15.670317
15.402923
15.218398
15.439116
15.300822
15.349805
15.310232
15.351811
15.346134
15.270423
15.179424
15.109222
15.148277
15.171867
14.556878
14.423162
14.474487
14.456163
14.556041
14.640878
14.703337
14.568755
14.406165
14.406165
14.451217
14.388399
14.393426
14.484530
14.290270
14.340411
14.369586
14.268738
14.141916
14.128721
14.123892
14.154330
14.206336
14.252758
14.262870
14.129131
13.977931
13.977931
14.109897
14.073663
14.115451
14.323015
14.259043
14.280636
14.302801
14.308817
14.414599
14.436909
14.522363
14.460379
14.425758
14.461394
14.446471
14.013332
13.924039
14.067586
14.332071
14.316222
14.450837
14.601653
14.793395
14.846917
14.970214
14.871845
14.801049
14.938808
14.966486
15.085597
14.869492
14.916511
14.790684
14.750457
14.554409
14.658936
14.662958
14.682725
14.565538
14.546839
14.622396
14.511419
14.703361
14.775770
14.785203
14.982487
14.998486
14.801302
14.739774
14.639455
14.767601
14.728310
14.706439
15.030374
14.643101
14.702395
14.732549
14.804224
14.697608
14.855593
14.784573
15.021470
14.813424
14.864341
14.858413
15.030286
15.053705
15.176935
14.773856
14.846224
14.810854
14.706903
14.742833
14.690065
14.719016
14.739380
14.595830
15.039487
14.950464
14.827796
15.215648
15.231372
15.002339
14.997985
14.942441
14.875259
15.000498
15.047242
15.060848
15.027310
14.854773
14.673258
14.531622
14.552388
14.564725
14.577949
14.547819
14.575323
14.614856
14.619523
14.661149
14.529963
14.521265
14.446260
14.533133
14.413007
14.437163
14.495166
14.421570
14.449891
14.432920
14.184563
14.155429
13.919313
13.880054
13.929294
13.759224
13.935660
13.993653
14.025341
14.020551
14.174841
14.094093
14.292902
14.478565
14.549045
14.615515
14.561342
14.753444
14.901143
14.811524
15.163933
15.172307
14.909471
15.034090
15.071494
15.071494
15.314865
15.297256
15.228142
15.188305
15.179491
15.157842
14.980418
14.878690
14.672533
14.632572
14.664664
14.702911
14.607790
14.457458
14.330174
14.541274
14.419688
14.169477
14.416524
14.529246
14.617377
14.561758
14.473142
14.521029
14.852314
14.993875
15.139463
15.023148
14.825453
14.825453
14.778581
14.774376
14.599937
14.676027
14.724800
14.702263
14.799731
14.707633
14.732363
14.625928
14.590574
14.764009
14.608812
14.690777
14.696353
14.822655
14.762527
14.863440
14.929842
14.901700
14.978254
15.032509
15.005319
14.518231
14.516493
14.575205
14.586055
14.712169
14.739974
14.687343
14.643501
14.702307
14.801303
14.682760
14.606810
14.661482
14.633300
14.589501
14.493193
14.517772
14.561167
14.509852
14.555787
14.561889
14.465269
14.412330
14.294535
14.305998
14.376049
14.763883
14.646088
14.576889
14.626988
14.569541
14.764665
14.843274
14.863853
14.877678
14.772403
14.988027
15.035107
14.735178
14.796232
14.775305
14.978935
14.921855
14.742457
14.685348
14.804512
14.679685
14.570952
14.608681
14.673017
14.614881
14.793421
14.460340
15.000280
15.060895
14.946100
14.915743
15.195302
15.312251
15.124301
15.441763
15.578630
15.472843
15.242654
15.296156
15.298624
15.541654
15.277980
15.095264
15.186894
14.870836
14.938469
14.994107
15.046242
14.985820
14.817667
14.826946
14.709758
14.761488
14.871878
14.896040
14.827060
14.762458
14.960319
14.908881
14.885301
14.990203
14.996195
15.032324
15.028115
14.751203
14.909356
15.051067
15.255341
15.060559
15.013918
14.945834
15.393804
15.138999
15.184897
15.170589
15.189886
15.262497
15.167645
15.451024
15.451024
15.383598
15.461767
15.524992
15.494803
15.372955
15.343974
15.581295
15.566612
15.463528
15.608665
15.448929
15.442704
15.451932
15.586732
15.709249
15.714150
15.685208
15.567853
15.433908
15.258452
15.395213
15.222549
15.354086
15.244340
15.381331
15.351591
15.502809
15.299640
15.459587
15.513223
15.600624
15.764814
15.523804
15.540952
15.611367
15.572492
15.688604
15.695456
15.556653
15.215949
15.035942
15.007883
14.988187
15.071986
15.082960
15.025337
15.026947
15.037284
15.109097
15.274421
15.453499
16.300571
16.377506
16.387509
16.496495
16.587720
16.624098
16.508878
16.781655
16.510754
16.091910
15.940071
15.902944
15.766655
15.854139
15.579898
15.343597
15.459630
15.519036
15.571647
15.622344
15.568202
15.647187
15.523524
15.729952
15.830656
15.954811
15.982647
16.137154
15.835069
15.463453
15.473915
15.473915
15.372865
15.173145
15.167515
15.162061
15.224767
15.201706
14.911666
14.792898
14.824893
14.747456
14.723974
14.684217
14.738391
14.762301
14.502085
14.581241
14.398084
14.635942
14.623749
14.735359
14.683207
14.841099
14.751949
14.751949
14.738812
14.817969
14.986254
15.144928
15.136895
15.286640
15.533036
15.397969
15.228859
15.094033
15.138456
15.211788
15.289004
15.352506
15.359780
15.330904
15.339636
14.947759
15.051354
15.107012
15.126891
14.874362
14.954593
15.072014
14.824596
14.741587
14.762954
14.845346
14.873564
14.746996
14.966905
14.918358
14.977513
14.942384
14.879757
15.189407
15.100373
14.899880
15.028499
14.947937
15.128799
15.083293
15.075797
15.186464
15.296159
15.301972
15.516248
15.444323
15.446003
15.215627
15.248654
15.522692
15.619524
15.577925
15.452638
15.535414
15.371200
15.525084
15.406264
15.529966
15.556718
15.427097
15.701806
15.537549
15.398838
15.472297
15.149836
15.295102
15.276054
15.150124
15.158863
15.241589
15.241589
15.200915
15.222089
15.431209
15.465795
15.463689
15.436249
15.314914
15.396544
15.371576
15.479388
15.426559
15.719162
15.914553
15.823109
15.883634
15.850369
15.664262
15.615166
15.669445
15.494684
15.616826
15.754432
15.947383
15.732283
15.724259
15.738142
15.755998
16.029464
15.518259
15.393134
15.291068
15.370748
15.351859
15.319915
15.231957
15.374584
15.145032
14.979270
15.207967
15.362493
15.262151
15.243547
15.442665
15.421932
15.385445
15.398236
15.361662
15.421615
15.407627
15.340255
15.170105
15.285455
15.229346
15.386103
15.462718
15.157802
14.889153
15.105742
15.122856
14.884881
15.203004
15.252503
15.268637
15.200818
14.995587
14.764971
14.761290
14.761290
14.805189
14.578118
14.848761
14.510214
14.580210
14.509737
14.224813
14.367938
14.284296
14.299939
14.322480
14.323152
14.245122
14.115440
14.109598
14.253317
14.284128
14.358482
14.412696
14.344523
14.202397
14.414504
14.353110
14.353337
14.359649
14.377327
14.217012
14.299684
14.252437
14.150170
14.166985
14.179443
14.303988
14.633165
14.722122
14.547826
14.627774
14.767076
14.768930
14.726191
14.628931
14.889985
15.007596
14.707668
14.719923
14.825009
14.887370
14.907610
15.050184
15.108703
14.926145
15.012572
14.851579
14.788988
14.756141
14.812167
15.134291
14.866010
14.903325
14.867875
14.990509
15.084097
15.099960
14.989016
15.583143
15.517259
15.864353
15.749279
15.723487
15.735379
15.657008
15.694901
16.009537
16.153001
16.204250
16.383589
16.326637
16.568538
16.599328
16.471359
16.436354
16.388317
16.176105
16.160882
16.282265
16.537844
16.580911
16.516399
16.291525
16.515719
16.553575
16.193628
16.312019
16.233159
16.678917
16.812775
16.896997
16.846537
16.592596
16.672880
16.848080
16.942647
17.177567
17.316112
17.720825
17.884566
18.329359
17.964539
17.728416
17.858716
17.920317
17.897168
17.754329
17.677633
17.675753
17.582250
17.728117
17.690370
17.716923
17.363643
17.429294
17.706148
17.436926
17.443366
17.386363
17.396386
17.966187
17.974508
18.058636
18.153526
18.424483
18.486381
18.686923
18.794557
18.972582
19.027597
19.083469
18.661793
18.393984
18.264386
18.034738
18.047152
17.882443
18.029613
17.732546
17.738961
17.470980
17.564195
17.663664
17.615397
17.649734
17.682203
17.354469
17.418233
17.628375
17.629971
17.615595
17.599779
17.436028
17.424009
17.581927
17.781156
17.276122
17.354382
17.524843
17.203792
17.239067
17.081223
17.133463
16.900602
16.861441
16.810503
16.850541
16.984797
16.977969
17.078299
16.901679
16.701593
16.758134
16.757097
17.004244
17.096906
17.364540
17.269161
17.322165
17.289460
17.129884
16.740875
16.527259
16.667077
16.678537
16.659550
17.084892
17.032155
17.249518
17.140421
17.013349
16.992222
16.496698
16.730172
17.054265
16.999756
17.032088
16.877456
17.034197
16.992869
16.994974
17.045594
17.081539
17.296217
17.293493
17.058444
17.092296
17.072649
17.181214
17.174952
17.245913
16.856114
17.004100
17.034489
16.889449
16.948373
17.132518
16.985000
16.801105
16.844645
17.051987
16.910335
16.608186
17.205951
17.167103
16.903156
16.681396
16.638998
16.638998
16.651009
16.577737
16.618682
16.674880
16.798261
16.818627
16.811117
16.755211
16.710468
16.759706
16.453855
16.324101
16.199788
16.241946
15.898831
15.841189
15.796721
16.033745
16.030469
16.149805
16.171694
16.274791
16.289534
16.054614
16.181625
16.065006
15.460921
15.424744
15.445670
15.580973
15.702967
15.666935
15.690481
15.570736
15.538529
15.481380
15.314189
15.295002
15.313421
15.161707
15.086721
15.087201
15.314786
15.401422
15.380248
15.407426
15.333413
15.261199
15.415751
15.495085
15.454818
15.476921
15.421106
15.487317
15.600026
15.618257
15.707216
15.887713
15.876462
15.874349
15.968836
15.918370
15.863923
15.751364
15.577712
15.712741
15.718735
15.837894
15.952512
15.916081
15.991622
15.941349
16.143189
16.121110
16.128081
16.032069
15.944264
15.984714
15.916025
15.798006
15.646339
15.758408
16.132967
16.095108
16.317874
16.284354
16.676329
16.834093
16.831905
16.735183
16.717107
16.539947
16.638582
16.296131
16.091059
15.996168
16.073289
16.055490
16.067584
16.023029
16.046666
15.950702
15.840994
15.972453
15.982400
16.021933
16.053201
15.845511
16.001824
16.040833
15.813348
15.846550
15.852121
15.979570
15.828894
15.456327
15.456327
15.415030
15.415030
15.657621
15.657223
15.697250
15.581417
15.752264
15.753414
15.775730
15.955402
16.029157
16.161933
16.221072
16.201637
16.458881
16.384715
16.353762
16.331638
16.331638
16.431676
16.320622
16.292072
16.186113
16.313274
16.212132
16.138394
16.389166
16.453281
16.343210
16.517625
16.751924
16.835797
