24.425646
24.432889
24.446195
24.434318
24.471286
24.433749
24.429594
24.398353
24.398353
24.398526
24.390807
24.387766
24.384201
24.375544
24.371516
24.363904
24.351910
24.367170
24.369355
24.391959
24.386461
24.433299
24.439954
24.439954
24.405946
24.387964
24.353255
24.342529
24.348434
24.354304
24.367294
24.367481
24.365761
24.364826
24.377168
24.364773
24.398808
24.405227
24.410293
24.402581
24.399011
24.358472
24.369301
24.380691
24.380691
24.370951
24.369561
24.321823
24.322963
24.332303
24.343546
24.381132
24.405334
24.405305
24.403376
24.448811
24.443836
24.422295
24.419356
24.405537
24.403144
24.404257
24.398054
24.386595
24.358453
24.354095
24.352410
24.351948
24.344420
24.353913
24.354660
24.371201
24.379693
24.399138
24.392663
24.397308
24.397308
24.392128
24.400668
24.407463
24.402749
24.402749
24.413995
24.401403
24.426289
24.395377
24.395970
24.438712
24.391250
24.391573
24.383530
24.390953
24.392027
24.383936
24.363098
24.354854
24.362935
24.344174
24.373606
24.373405
24.377492
24.382231
24.393753
24.393052
24.400383
24.367816
24.373683
24.353797
24.365096
24.364908
24.348385
24.347411
24.344442
24.332922
24.320483
24.316906
24.332393
24.327673
24.331331
24.342180
24.342180
24.344968
24.339289
24.339562
24.341941
24.346978
24.351247
24.344774
24.347789
24.359156
24.359156
24.358724
24.358973
24.359867
24.348473
24.338741
24.341274
24.347812
24.337894
24.336340
24.336295
24.351767
24.360964
24.347055
24.347033
24.338598
24.330072
24.347880
24.350896
24.347771
24.350071
24.346382
24.361365
24.382304
24.382825
24.421313
24.433188
24.426662
24.429129
24.391695
24.405400
24.386611
24.381309
24.375165
24.393974
24.395945
24.390615
24.392257
24.395845
24.386684
24.386327
24.391692
24.392141
24.392780
24.391335
24.385705
24.382741
24.380983
24.385329
24.392483
24.415595
24.419635
24.433508
24.467068
24.506396
24.469150
24.469647
24.426072
24.428106
24.431743
24.396040
24.404345
24.417090
24.419192
24.412025
24.398664
24.441479
24.425401
24.422545
24.426313
24.420074
24.423000
24.429924
24.430244
24.423515
24.427415
24.427415
24.431169
24.427399
24.429102
24.406686
24.398815
24.379042
24.376338
24.377800
24.367228
24.375083
24.382105
24.405052
24.398835
24.393491
24.397770
24.426031
24.420102
24.430828
24.446576
24.456645
24.471269
24.445656
24.445656
24.454080
24.479027
24.503532
24.509957
24.517334
24.511972
24.537402
24.504181
24.495381
24.506556
24.603579
24.617241
24.600634
24.603744
24.603744
24.582746
24.577322
24.571457
24.596065
24.548451
24.515646
24.520946
24.500174
24.500174
24.502961
24.494355
24.500143
24.479617
24.473615
24.470674
24.489584
24.487220
24.393672
24.380866
24.383562
24.387951
24.385195
24.386013
24.384918
24.365960
24.399638
24.381330
24.362211
24.345218
24.353852
24.340930
24.346295
24.344555
24.356931
24.352223
24.343310
24.352364
24.357781
24.343137
24.333426
24.348941
24.345066
24.347384
24.348048
24.339079
24.357988
24.356713
24.374576
24.367185
24.332062
24.330492
24.324028
24.314604
24.308738
24.314681
24.317026
24.325382
24.330858
24.321234
24.330015
24.330835
24.329628
24.381504
24.367002
24.356675
24.359362
24.359362
24.356494
24.356182
24.379421
24.380877
24.349051
24.353392
24.355338
24.376240
24.379068
24.381542
24.383453
24.374031
24.362766
24.365741
24.372272
24.390039
24.398772
24.404111
24.423873
24.420930
24.421064
24.421064
24.410888
24.380215
24.382683
24.379913
24.373767
24.386544
24.391733
24.383596
24.377803
24.374170
24.385682
24.407163
24.417336
24.425487
24.432449
24.433583
24.470356
24.479336
24.486350
24.439323
24.440195
24.420560
24.401048
24.411469
24.408614
24.411761
24.423902
24.415992
24.414917
24.396474
24.412926
24.397417
24.395068
24.387973
24.398791
24.402206
24.374974
24.374833
24.380131
24.370497
24.381130
24.381398
24.380117
24.387984
24.387984
24.391426
24.417513
24.409691
24.381125
24.371000
24.367360
24.377389
24.394114
24.402722
24.405475
24.414192
24.412447
24.417769
24.413355
24.427830
24.430942
24.430344
24.422633
24.432708
24.434273
24.445063
24.478207
24.481646
24.448290
24.447356
24.455502
24.450086
24.462119
24.456340
24.448028
24.446538
24.445901
24.454204
24.461193
24.438606
24.441849
24.451479
24.453979
24.441462
24.458736
24.432439
24.432612
24.455523
24.450549
24.520615
24.523967
24.534001
24.538389
24.558762
24.552587
24.521085
24.458148
24.435079
24.419574
24.413350
24.418711
24.424943
24.438916
24.438796
24.451500
24.455320
24.447210
24.452099
24.447467
24.445377
24.420030
24.405878
24.382046
24.406861
24.413679
24.426849
24.419041
24.418618
24.424568
24.412731
24.428402
24.429021
24.460716
24.447315
24.451204
24.468716
24.469847
24.491622
24.491622
24.516633
24.529931
24.509316
24.492855
24.539015
24.541526
24.516138
24.459217
24.496268
24.508525
24.494136
24.471877
24.460383
24.470283
24.447752
24.428744
24.428168
24.427311
24.444433
24.454363
24.472910
24.459338
24.448997
24.441315
24.433164
24.429530
24.425410
24.407417
24.429610
24.438707
24.440295
24.437267
24.429730
24.436328
24.487689
24.473381
24.458647
24.472815
24.486655
24.483363
24.483363
24.489755
24.508403
24.490319
24.493634
24.557070
24.584178
24.620154
24.471204
24.493274
24.550199
24.511475
24.488857
24.501703
24.491807
24.480155
24.483295
24.501143
24.542889
24.572112
24.557191
24.566863
24.568023
24.553302
24.546124
24.537310
24.461774
24.477989
24.486326
24.481991
24.451392
24.437029
24.425260
24.434206
24.434206
24.414517
24.434468
24.462360
24.454796
24.485717
24.481906
24.471249
24.465665
24.430316
24.422806
24.434665
24.437492
24.434689
24.481669
24.458342
24.462821
24.500135
24.436853
24.456460
24.430240
24.438689
24.434772
24.435926
24.413798
24.421669
24.416753
24.414601
24.468720
24.491101
24.476053
24.442034
24.442414
24.450505
24.470459
24.481414
24.411521
24.423518
24.442458
24.451880
24.429075
24.412465
24.424092
24.392857
24.392293
24.417461
24.426491
24.425291
24.473076
24.471498
24.480201
24.469027
24.478717
24.475892
24.464319
24.482619
24.481563
24.481563
24.481436
24.479514
24.497806
24.486522
24.445364
24.450389
24.448698
24.451556
24.435751
24.418726
24.425994
24.429851
24.401496
24.414923
24.411611
24.403649
24.415948
24.404674
24.400260
24.376588
24.406926
24.418688
24.415953
24.417194
24.411723
24.402873
24.395340
24.386732
24.365709
24.347462
24.346722
24.352846
24.342497
24.343086
24.349511
24.358981
24.348420
24.354207
24.346631
24.350845
24.360314
24.360404
24.352145
24.352352
24.350236
24.344593
24.349370
24.349370
24.347560
24.347560
24.340190
24.343804
24.356090
24.356090
24.377269
24.389238
24.382071
24.378671
24.416203
24.429357
24.414433
24.408993
24.401657
24.394229
24.389646
24.383258
24.385361
24.350960
24.353818
24.368368
24.369985
24.367196
24.371025
24.376704
24.359494
24.374681
24.376578
24.374003
24.364678
24.358886
24.349057
24.361597
24.374186
24.371047
24.404070
24.390226
24.393893
24.395802
24.390916
24.385140
24.353540
24.362662
24.357176
24.367793
24.364978
24.369062
24.388419
24.407883
24.395595
24.387601
24.403792
24.405652
24.405652
24.420856
24.447101
24.426751
24.438225
24.450915
24.442828
24.437266
24.450214
24.445324
24.428303
24.432888
24.414621
24.409409
24.426561
24.446790
24.442941
24.447561
24.461286
24.463090
24.549727
24.466524
24.465130
24.442933
24.506877
24.537532
24.537532
24.554160
24.541991
24.541991
24.542431
24.472735
24.507942
24.497926
24.513927
24.492290
24.505073
24.453026
24.446935
24.447600
24.459480
24.449524
24.433164
24.453656
24.443185
24.461230
24.466393
24.485843
24.451914
24.468750
24.449941
24.458326
24.457009
24.488882
24.463928
24.477556
24.477355
24.488615
24.512187
24.518468
24.506988
24.493560
24.469951
24.491848
24.476963
24.485509
24.485509
24.464566
24.481004
24.480451
24.480404
24.463143
24.475589
24.448617
24.429981
24.422654
24.425523
24.446242
24.605686
24.607375
24.590507
24.591458
24.595152
24.595152
24.587246
24.597337
24.588765
24.617396
24.603106
24.603106
24.592225
24.591867
24.595073
24.595073
24.616247
24.605405
24.606347
24.604521
24.606854
24.605193
24.615680
24.650116
24.624157
24.488854
24.504916
24.465551
24.460472
24.469751
24.446186
24.452969
24.476134
24.450007
24.451077
24.455788
24.447287
24.451283
24.442839
24.434955
24.433764
24.439900
24.450700
24.442591
24.439718
24.446119
24.437163
24.435981
24.435981
24.425053
24.416795
24.404119
24.418716
24.426716
24.411866
24.413189
24.392516
24.368432
24.364858
24.375998
24.375257
24.375257
24.382889
24.395061
24.399546
24.378795
24.375786
24.355818
24.370581
24.356514
24.362310
24.350032
24.362622
24.367372
24.356774
24.344512
24.361814
24.373002
24.389033
24.386330
24.372585
24.364597
24.373874
24.366609
24.366513
24.343880
24.343216
24.341006
24.354824
24.354994
24.351257
24.351143
24.351796
24.353278
24.363974
24.370685
24.349621
24.366016
24.381052
24.393905
24.428309
24.437939
24.434138
24.431164
24.416518
24.434049
24.449692
24.436062
24.436278
24.441683
24.425318
24.425318
24.384925
24.390997
24.382024
24.389790
24.394948
24.411534
24.430759
24.410015
24.410015
24.422453
24.417619
24.402631
24.402176
24.402222
24.408126
24.405979
24.404103
24.400618
24.393739
24.393338
24.393338
24.401582
24.409371
24.406371
24.406735
24.384500
24.383857
24.383857
24.383797
24.388529
24.404747
24.407463
24.384646
24.391533
24.379044
24.395071
24.403873
24.390089
24.388689
24.369815
24.364951
24.369639
24.350083
24.338198
24.337545
24.347499
24.342323
24.339051
24.329618
24.319107
24.353419
24.358148
24.380326
24.367325
24.372785
24.370960
24.361073
24.355197
24.347664
24.361032
24.347716
24.354312
24.340240
24.329734
24.326926
24.318502
24.318891
24.318596
24.324092
24.335494
24.344541
24.343678
24.344590
24.333406
24.329652
24.393176
24.383434
24.389094
24.397403
24.382959
24.395692
24.395417
24.409380
24.366385
24.378435
24.389831
24.374601
24.378808
24.368724
24.359139
24.351593
24.328731
24.328601
24.325272
24.329730
24.335652
24.340776
24.334257
24.321211
24.320184
24.332131
24.324736
24.317393
24.318425
24.314047
24.319760
24.314650
24.314206
24.318691
24.344381
24.345190
24.346313
24.353759
24.346878
24.353949
24.353311
24.354649
24.348051
24.377316
24.355112
24.352514
24.371881
24.386783
24.386783
24.380298
24.377601
24.378268
24.380072
24.381678
24.377771
24.379909
24.373482
24.357342
24.355416
24.360041
24.367405
24.370666
