274.874167
273.592844
273.519991
273.536189
273.634700
274.252544
274.563964
274.647228
274.678915
274.457358
274.327070
274.236754
274.382095
274.087101
274.134600
274.225040
274.034146
275.571693
275.232594
276.300530
277.111747
278.262636
279.268962
278.678980
279.214920
280.203832
280.661732
280.661732
280.474388
280.435836
279.940379
279.901452
279.972297
279.997562
280.073273
280.152416
279.821649
280.685876
281.031352
281.047983
280.909692
280.530177
279.823808
279.416301
279.810472
280.514201
281.321539
281.044903
281.086791
281.086791
281.049148
281.058323
280.103186
280.069260
280.994654
281.464971
281.923819
281.952479
281.451958
281.212832
281.136058
280.857693
281.500677
281.670660
280.994111
280.964730
280.733075
280.983740
280.932545
280.331058
280.358163
280.508241
280.748431
280.500687
279.757291
278.992596
278.805181
279.049372
278.715272
278.710217
277.564223
277.558577
277.558577
277.482024
276.611380
277.359849
277.329950
277.803601
278.010576
277.838802
277.838802
277.112326
276.779124
276.442185
276.225088
276.424423
276.053713
275.659400
275.636012
275.502003
275.909935
276.060211
276.303209
276.327097
276.195347
276.229203
274.584584
274.818063
274.943920
274.267851
274.018922
274.079932
273.724106
271.914681
272.231432
272.194879
272.688752
272.565842
272.703527
273.066400
273.309789
273.564668
273.564668
273.949419
274.097598
273.986617
274.507219
274.466234
274.038411
274.299936
273.946273
273.845368
273.859722
273.881241
273.599252
273.599252
273.586275
274.087532
274.089745
274.080006
274.215840
274.762875
275.431124
275.605835
275.622345
275.267980
275.505450
275.926176
275.658384
275.546143
274.857602
274.519534
274.162117
274.893772
274.845645
274.983854
274.981104
275.012962
275.039387
275.138116
275.202190
274.801060
275.104466
275.092032
275.097590
274.386094
274.581435
274.556270
275.073977
275.367367
275.426288
276.428476
276.070060
275.905732
276.134331
275.433347
275.576069
276.258886
275.547063
275.272159
275.540105
275.394930
275.190172
275.119562
275.098843
274.630036
274.026350
274.421066
274.344076
274.326883
274.603285
274.427998
274.048209
274.342764
274.408685
274.618176
274.806603
275.153823
275.349697
275.099989
274.789747
274.626006
274.477852
274.328768
274.379333
274.824051
274.934312
275.019435
275.387949
275.263007
276.469768
276.973944
276.973944
276.629436
276.681459
276.681459
276.747311
276.156870
275.748929
275.715297
275.238700
274.976458
274.937323
274.937323
274.400720
274.308576
273.510622
273.573753
273.525867
273.502039
273.303927
273.317753
272.450421
272.298878
272.644123
272.331299
272.375121
272.548085
272.857270
272.664875
272.659058
272.600069
272.986945
273.058866
273.017515
272.414419
270.933095
271.072491
270.988221
270.748006
270.748006
269.585920
269.585920
270.137038
270.437358
270.581340
270.814958
270.814958
270.408748
270.265380
270.196100
269.433007
269.423525
269.287678
269.239888
269.493425
269.462109
269.463924
269.201194
269.130791
269.130791
269.193406
269.090418
270.574634
270.258448
270.501683
270.463441
270.204314
270.164785
270.164785
269.966541
269.510622
269.684390
269.948996
269.321804
269.287659
268.481308
268.542884
268.774327
268.763486
268.178392
268.153112
268.428430
268.617787
268.745606
268.974325
268.959604
268.568684
270.074257
269.859358
270.538799
270.576456
270.674255
270.761978
270.850905
271.014434
270.935158
271.100973
271.369161
271.984309
271.831092
271.556436
271.749566
271.684360
272.106952
272.483400
272.483400
272.511199
272.257975
273.139288
273.115778
273.023898
272.926325
272.782625
272.858969
272.154072
272.501667
272.229968
272.053866
272.374331
271.857330
273.526686
273.513129
273.466355
273.564872
273.445934
273.039294
272.683874
272.495953
272.851768
272.851768
273.039902
272.121875
273.196579
273.214805
273.384397
273.134325
273.849359
272.894824
272.635976
272.605504
272.640457
272.511731
272.726311
273.231346
272.761360
272.483493
273.367299
273.505785
273.546062
273.555150
274.186346
273.630755
273.746168
274.139039
273.502715
273.630394
273.650756
273.299791
272.892580
272.809462
272.739258
272.703279
272.555941
272.646292
272.115238
272.099869
272.147113
272.637778
272.767080
271.143414
271.096358
270.892567
271.419000
271.461415
272.005428
271.943422
271.979880
271.818005
271.769958
272.061229
272.468741
272.622600
272.129694
272.000427
272.308289
272.235624
272.181067
271.815975
271.926895
272.009300
271.274354
271.274354
271.498676
271.505177
271.403492
271.540609
271.428027
271.446913
270.871843
270.664554
270.519854
270.367304
270.538328
270.375572
270.375572
270.478747
270.467143
270.334409
270.350132
270.387546
270.710098
270.576719
270.389533
270.023744
269.965546
269.974082
269.997778
270.582239
270.838875
270.450472
270.885238
271.084540
271.062517
271.117045
271.236550
271.753436
271.682599
271.853899
272.695468
272.330597
272.231914
271.816940
271.250925
271.182755
270.497940
270.219542
269.707153
269.531590
269.450852
269.483586
269.519410
269.271278
269.206019
269.482738
269.308601
269.287782
268.318625
268.515421
268.105815
268.035563
268.035563
267.572494
267.925429
267.407557
267.241832
267.909072
268.450426
268.765490
269.105155
269.017209
268.903643
269.645382
270.274253
270.569679
270.514829
269.459506
269.603764
269.663517
270.575479
270.239195
270.022564
269.430015
270.937574
270.992742
270.992742
271.318111
272.548096
272.612239
272.800610
272.624895
272.465405
272.864288
272.031212
272.182669
272.203968
272.951581
272.165665
272.226381
272.840636
273.013771
272.694435
272.557028
272.399299
271.648598
271.648598
272.105519
271.624798
270.863024
270.544427
270.537831
270.511661
270.114818
268.616574
268.335805
267.844154
268.588435
267.468920
267.320773
267.344096
267.524891
267.753798
267.743463
267.682414
267.532479
267.734011
267.746794
267.695858
267.866043
268.050601
268.446899
268.518656
268.594939
268.575286
269.092705
269.377569
269.754241
269.763004
270.107408
270.160559
270.240376
269.707197
268.802484
268.868606
268.970415
268.970415
269.094494
269.072702
269.136271
269.528083
269.566540
269.893749
269.753223
269.362612
269.741275
269.525311
269.651880
269.481478
269.632890
269.238134
269.221915
269.164001
269.274630
269.158957
269.131484
268.853316
268.623062
268.371300
268.561300
268.380445
268.482471
268.630021
268.739338
268.945162
268.983746
268.368316
268.004846
267.774234
267.647224
267.635971
268.032270
268.046270
267.746845
267.843947
267.819394
267.873594
267.803778
267.568796
267.782054
267.804320
267.290064
267.697264
267.523044
267.500587
267.604125
267.871892
267.410979
267.600480
267.326316
267.618404
267.663161
268.363582
268.511348
268.002437
269.115146
268.966780
268.631988
268.669033
267.600391
267.538795
267.494597
267.456206
267.228242
266.343674
266.318455
266.451180
266.452892
266.452892
266.719616
265.954990
265.954990
265.912176
265.810623
266.309491
265.892250
265.789771
265.766607
265.644221
264.135869
264.135869
267.731174
267.670946
267.646896
267.462509
267.352420
267.909236
268.082720
268.439625
268.465999
268.231804
268.333605
268.331998
268.562565
268.033819
268.052965
268.227429
268.146059
268.278781
268.254747
268.465264
268.642768
268.292194
268.292194
268.228660
268.372656
268.624851
268.393436
268.699669
268.627060
268.622619
268.590475
268.465150
267.989798
268.914845
268.460416
268.238598
267.616304
267.836653
267.927409
267.825331
267.713141
267.895027
268.241304
268.530330
268.969407
267.955000
267.969693
268.045035
268.045035
268.234616
268.020580
268.007765
267.843534
267.201252
267.087997
266.515995
266.417701
266.052550
265.997606
265.997606
266.055375
266.573837
266.355173
266.433388
265.937241
265.774115
264.956346
265.318243
266.156415
266.156415
266.253160
266.721350
266.527701
266.527701
266.527701
266.613997
267.230917
268.163974
268.189018
267.804984
267.914428
267.974291
267.730610
268.424619
267.944298
267.406299
267.249315
267.948205
268.350642
268.182143
268.182143
268.633323
268.657767
267.818116
268.503881
267.917011
268.761595
268.988287
268.600859
268.361799
268.435589
268.330667
268.576555
268.627402
268.670201
268.733126
268.869958
268.767658
268.708460
268.479697
268.624824
269.355586
268.922807
269.506941
269.508909
269.263027
268.817059
268.537200
268.680424
268.657594
268.537232
268.615162
268.538441
268.371784
267.572990
267.935928
267.643898
268.320901
268.327545
268.658077
268.397843
268.446499
268.088852
267.775235
267.554199
267.514793
267.089794
267.417195
267.550680
267.798017
268.356796
268.474962
268.523635
268.405395
268.405395
268.405395
268.002412
268.065823
268.401992
268.401992
268.536721
268.652518
268.384305
268.404886
268.552737
268.381994
268.653543
267.830699
267.611863
267.617344
267.753815
267.672434
268.041497
268.004526
268.291555
268.234503
268.432651
268.443875
268.029298
267.541233
267.239494
267.211105
267.123174
266.657585
266.212337
267.096390
267.279727
267.417654
267.454749
267.304742
267.336192
268.233336
267.855347
267.526210
267.880530
267.744955
269.079263
269.433686
269.598854
269.687824
269.731393
269.742809
269.950338
270.193768
270.503295
270.394307
270.394307
270.406314
270.248264
270.307030
269.803704
269.741356
268.972985
269.260290
269.317518
269.131052
269.055442
269.414330
269.921506
269.538807
269.444722
269.409292
269.440752
269.357521
269.481067
269.474187
269.074043
269.128872
269.212239
269.271917
268.952660
268.935970
268.543131
268.715507
268.807790
268.694523
268.681935
268.149282
268.149282
267.944615
267.944615
267.867448
267.608779
264.798528
264.768218
264.782467
264.375577
265.342034
264.514391
263.666034
263.664489
264.008924
264.041435
264.322855
263.971553
263.728346
263.848111
263.796552
263.796452
262.969214
263.087420
263.067667
262.636512
262.636512
262.898051
262.852882
263.002555
263.229453
262.911111
263.004174
262.878042
262.761163
262.917490
263.593273
263.521639
263.191714
262.940513
263.179199
263.438056
262.618444
263.084940
263.084940
263.084940
263.053994
262.996502
262.996502
263.480841
264.724274
264.545106
264.326566
264.779365
264.990843
265.085369
264.915128
264.893350
265.037678
264.917337
264.902541
266.802002
267.065208
267.049723
267.568340
268.048714
268.039342
267.988474
268.436945
268.245581
268.361148
268.466061
268.569380
268.580179
268.908221
269.613505
269.491224
269.491224
268.550392
268.594599
268.504854
268.489863
268.878218
268.948565
268.589335
268.682187
268.612703
268.745450
269.078520
268.770900
268.784565
268.805392
268.666165
268.578169
268.943027
268.963738
268.845241
268.887966
268.887966
269.070722
269.176537
269.130906
269.021570
269.082046
269.157965
269.333665
270.533067
271.848978
272.004968
271.929238
271.677816
271.849954
271.573918
270.795784
270.667666
270.426408
270.652169
271.587119
271.559723
272.323289
272.323289
272.388302
272.459412
272.459412
272.829286
272.792929
272.792929
272.690708
273.155809
272.549154
272.513587
272.807183
272.691393
271.492642
271.530211
271.526440
271.309669
270.405515
270.787939
270.784706
270.870185
271.286517
271.250335
271.412887
271.093190
271.109383
271.336840
271.764163
272.902352
272.455930
272.487111
272.760746
272.802047
272.882787
273.627072
274.074752
274.025885
274.025885
274.359856
273.917446
274.223181
274.284942
274.215103
273.680217
274.337595
274.471110
274.124055
273.061131
272.815673
273.263898
274.562873
274.195959
273.109001
271.932003
271.758570
271.962949
271.886243
271.645382
272.590020
272.699612
273.069943
272.989524
273.335325
273.057380
272.879388
272.603791
272.568637
272.588090
272.492763
273.176323
273.030658
273.677063
273.508582
273.706464
273.796928
273.459901
273.407728
273.526004
274.014783
274.088424
274.014987
274.923128
273.222669
273.113342
273.113342
273.049928
272.950579
272.900943
273.681221
273.681221
273.495403
273.594629
273.003480
273.046861
272.998251
273.000485
272.977942
272.921186
272.765430
272.366516
271.605273
271.429910
272.053489
272.227945
272.494215
272.954038
273.228963
273.324508
272.965179
273.124673
272.827235
272.869095
272.611601
272.693147
272.755913
271.746885
271.963068
272.334715
272.022709
271.335031
271.371938
271.362773
271.390897
271.003035
271.985593
272.867325
272.237635
272.239817
272.201813
272.020675
271.921208
272.120283
271.861316
271.714889
271.118112
271.433842
270.384653
270.201964
269.663984
269.388287
268.690276
268.865883
269.599581
269.839048
269.111270
268.855592
268.958928
269.350573
268.666914
268.105378
268.134118
268.134118
268.208417
268.201460
268.782191
268.782191
267.919328
268.292114
268.532703
268.108873
267.960198
267.923598
267.932881
268.198172
268.231186
267.783871
267.783871
267.563685
267.623288
267.371243
267.379083
266.759304
266.442694
267.250781
266.857812
267.030661
267.117464
266.575536
266.393250
266.121136
266.286393
266.174964
266.487647
266.868021
266.842706
267.374351
267.423406
267.380065
267.036888
266.882673
267.176338
267.486459
267.479631
267.539930
267.554524
267.327232
267.468937
267.644735
267.579782
267.665149
267.990164
267.865729
268.460718
268.449267
268.352817
268.551214
268.537874
268.448518
268.643494
268.367056
268.850028
268.906623
268.781294
269.067488
271.154557
271.189637
271.306419
271.408810
272.979582
273.459833
273.279048
273.244809
273.622519
273.992939
273.870533
273.870533
273.763376
273.757466
273.742954
273.379360
272.260170
271.806618
271.802946
271.969620
271.894996
272.127093
271.265435
271.430600
271.507535
271.442871
271.442871
271.777434
271.731185
272.605567
273.302521
274.126051
273.575708
273.329756
273.515045
273.796484
274.268277
273.955436
273.804045
273.995190
274.303304
275.102797
275.237241
274.752507
274.752507
274.692557
273.798335
273.632060
273.653771
273.790292
273.823104
273.587979
274.041673
273.878504
274.009655
274.071560
273.885691
274.123347
273.720363
273.231955
272.672265
273.312549
272.679846
272.679846
272.041909
272.468012
272.636918
272.636918
272.479176
271.710503
271.821802
273.234433
273.014844
272.476752
272.055164
272.052498
272.454725
270.605372
270.888205
270.888205
271.416121
271.235774
271.560000
271.560000
271.722581
271.803019
271.499639
272.491281
272.690764
272.748217
273.164661
273.028896
273.501538
273.760690
273.603894
273.902568
274.023871
273.836457
273.501470
273.813014
273.879010
273.711304
275.014707
275.191691
274.158263
274.303598
274.436647
274.164983
274.777979
275.401457
274.847294
275.500423
275.399282
276.029908
276.159680
275.187096
275.172429
275.172429
275.122033
274.624443
274.605510
274.989508
274.264880
274.949131
274.392804
273.843795
273.843795
273.867055
274.018855
274.004780
273.890671
274.231707
273.991437
273.888444
273.556093
274.202227
273.424231
273.492007
274.189372
274.218784
274.220333
274.178240
274.397721
274.237064
273.821538
274.733310
274.733310
274.618453
274.743991
275.400360
275.385070
275.437990
275.440158
275.786825
275.348668
275.573628
275.463619
275.178387
275.180512
277.745929
276.673737
276.605829
276.662976
276.403263
276.333098
276.424175
276.530167
277.305451
277.555939
277.431766
277.059536
277.432472
277.574991
275.592519
275.672115
275.971630
276.075926
276.212726
276.312592
275.854638
275.289937
274.629848
274.561718
274.688884
274.651085
274.453166
274.537608
274.537608
274.535732
274.629206
274.515700
274.695647
274.766533
274.679927
273.780028
273.620760
273.705849
273.271564
273.370267
274.346298
274.493761
274.513796
275.001644
275.086216
274.061241
273.992062
273.430605
273.833129
273.874612
273.176817
273.231978
273.463619
273.510902
274.078590
274.908567
274.908567
275.549969
275.061952
275.414110
275.165985
275.602783
275.694284
275.329036
275.044906
275.006146
274.969767
274.827386
274.875271
274.067076
274.376336
274.599584
274.803097
274.662867
274.578553
274.263894
274.670849
274.604973
274.902682
274.517717
274.489861
274.874562
274.775771
274.939549
274.713199
275.036488
275.546404
275.424007
274.850728
273.425901
273.664059
273.547084
273.772527
273.906902
273.685506
273.547875
273.798301
274.242079
273.990269
273.990269
273.679513
274.409821
273.885145
273.266412
273.406302
272.061195
272.322063
271.972416
271.893201
272.513094
272.559721
272.511036
272.484046
273.079094
273.057748
273.060185
273.180263
273.110819
273.364283
273.485065
273.485065
274.007376
274.015942
275.056134
274.706148
274.686901
275.384329
274.995934
274.264211
274.393050
274.375811
274.778417
274.472430
274.001381
273.378776
273.038271
273.035629
272.986283
272.959259
273.103553
273.103553
273.486872
273.207060
273.312282
273.191222
273.191222
273.736548
273.594684
273.485911
273.199075
273.785198
273.385163
273.385163
273.369243
273.498839
273.214801
273.219202
273.938135
273.703188
273.376517
272.723455
272.665874
272.937119
272.757472
272.117092
272.289934
272.447805
272.466629
272.373269
272.515600
272.270355
272.168852
272.321438
272.321438
272.521627
273.473693
274.138415
273.919474
273.964163
274.034630
274.214096
273.631350
273.581883
273.983498
273.278314
274.032199
274.590323
275.414464
274.849709
274.439534
275.330993
275.346633
275.264358
275.385189
275.357304
275.245206
275.249969
276.278162
276.185669
276.143940
274.676854
274.267544
275.161916
274.919333
275.235503
274.975845
274.944215
274.944215
274.910419
275.825289
275.237516
275.369358
275.400778
275.186803
275.144753
274.231355
274.229705
275.150224
275.165620
274.835107
274.835107
275.873451
275.983357
276.068414
278.427479
278.351011
278.797971
279.079717
279.318615
278.887458
278.530725
278.335211
277.757617
277.381411
276.428302
276.523085
276.872758
276.777449
276.305068
275.968760
276.180072
276.811372
277.271678
277.257540
277.239089
276.988475
276.561170
277.487577
277.475162
277.534088
277.230207
277.004316
276.961771
276.911098
276.772301
277.031211
276.948285
276.930390
276.878426
276.551089
275.705071
275.602023
275.987485
276.566309
276.503957
276.503957
276.637436
276.766654
276.624925
277.313012
278.447218
278.376718
278.670541
278.637023
278.413047
278.487562
278.935126
279.048745
278.967619
278.502965
279.189892
279.913760
279.913760
279.373378
279.684822
278.882983
279.115243
279.115243
278.366385
278.366385
277.938523
277.210448
277.275726
277.245590
276.916553
277.866516
277.616556
277.508590
277.508590
277.688994
277.719143
277.332516
278.074475
277.274917
276.996726
278.565046
278.333792
279.023796
279.300980
279.177048
279.541184
279.531644
279.909122
279.861381
278.854253
278.020681
278.156814
277.065716
276.953643
277.164687
277.196066
277.708234
277.810335
277.560944
277.691976
277.420334
277.363627
276.469913
275.352591
274.752743
274.534943
274.505012
274.537079
274.424098
274.932318
274.883002
274.742066
274.758441
274.770175
274.256598
274.277535
274.122979
274.905497
274.754715
274.892984
274.859960
275.093368
274.408182
274.265925
274.167574
274.347013
274.368060
273.370358
273.401853
273.599492
273.863823
273.432607
273.519635
273.532554
273.388395
273.017367
273.147074
273.036912
273.507247
273.462567
273.390471
273.511756
273.581295
273.305520
273.727754
273.713769
274.058147
275.016336
274.995494
275.153862
274.494643
274.632696
274.529758
273.714213
273.935937
273.020432
271.908995
272.323010
272.377456
272.658099
272.986808
272.780169
272.538184
272.874208
272.874208
272.874208
272.632234
272.905677
272.857401
273.011267
273.037759
273.127751
273.269378
272.404257
272.810334
272.448083
273.530030
274.010259
274.041254
274.005773
273.972568
273.911368
274.065264
273.909203
274.156534
273.725329
273.735203
273.815907
273.918791
273.918791
273.918791
275.727765
276.180086
276.082067
276.187569
276.341080
276.341080
276.104057
276.387057
276.193758
276.351681
275.884183
275.603054
275.653208
275.392308
276.410299
276.583245
276.797992
276.971268
277.029767
276.542029
276.470971
276.618618
276.583490
276.845550
277.303713
277.424314
277.486073
277.567540
277.793946
277.793946
277.856946
277.813865
277.555574
277.813600
277.835254
277.777463
278.296385
278.681709
278.505326
278.037929
278.030424
277.969356
277.080106
275.822052
275.930988
275.846247
276.152260
276.006107
275.085316
275.026359
274.912966
275.255305
275.255305
275.192308
275.113489
275.281550
274.806265
274.444329
274.046513
273.724483
273.684522
273.453542
273.453542
273.757408
273.577272
273.908488
274.208880
273.480854
273.426144
273.426144
273.242420
273.169295
273.165469
272.873493
273.628316
273.697733
273.505717
273.560840
273.909389
273.777717
273.599162
274.390054
274.138363
274.071342
274.015757
273.961054
273.955692
274.080630
273.810413
273.629996
273.746972
273.343128
272.959565
273.498380
273.532930
273.532930
273.445113
273.349910
273.225931
273.500830
273.598626
272.976618
273.028895
272.955799
273.087146
272.966177
272.946953
273.529605
273.493606
273.521825
273.289711
273.261344
273.204051
273.446481
273.183652
273.397808
273.053668
272.887703
272.132430
272.171847
272.258502
272.258502
272.172993
272.130030
272.252852
271.889022
272.600914
272.666397
272.579992
272.583054
272.313519
271.768055
271.831748
271.927147
271.209059
271.260656
271.406598
271.445606
271.634400
272.132867
272.828073
273.238476
273.217027
273.089759
272.613048
272.771088
274.758297
274.860914
275.313435
273.766023
273.603097
273.397628
273.468671
273.473413
273.500189
273.413608
273.389275
273.304149
273.575401
273.922398
273.827764
274.282035
274.294365
274.221950
273.851485
274.081048
274.434622
274.706336
274.712453
273.430995
273.304257
272.022996
272.211090
272.317894
272.324686
271.443551
271.416753
271.416753
271.351963
272.060295
271.964676
271.960364
272.325015
272.548491
272.548491
272.649177
272.719793
272.785782
272.562858
272.541342
272.641677
272.796571
272.364736
272.495539
272.587335
272.286215
272.286215
272.144871
272.150110
272.052809
271.971913
272.109336
272.109958
271.747130
272.263699
272.431062
272.278987
272.475757
272.475757
274.441328
274.519059
273.894101
273.894101
272.250805
272.433602
272.278950
271.978330
271.982697
272.770752
272.436493
272.418331
272.444849
272.651018
272.618311
272.607183
272.573222
272.649957
272.660264
273.059708
273.007174
273.170251
272.994914
273.066599
273.049815
273.617786
273.539205
273.803726
273.778271
273.535192
273.376928
272.735849
272.552098
272.510000
272.570449
272.368307
272.296021
272.244413
272.163498
272.451392
272.810001
272.464339
272.464339
272.068684
273.971648
273.847377
273.897139
273.382507
273.390779
273.887520
273.932290
273.902953
273.998187
274.159400
274.156978
274.698366
274.846226
274.862955
275.488621
275.188196
274.857013
273.874844
273.757087
273.391321
273.235074
273.390559
273.474096
273.868391
271.651858
271.257512
270.422465
270.223728
270.335031
270.206238
269.544995
269.308982
269.750549
269.613287
269.663456
269.558748
269.765908
269.853874
269.858797
270.013548
269.943779
269.993795
269.936183
269.815453
270.255646
270.255646
270.131347
269.981268
270.577165
270.929324
271.233966
271.404302
270.845403
270.738675
271.306228
271.439012
271.651625
272.030766
271.911443
271.911443
272.011378
271.725143
271.709289
271.749869
271.739086
271.227935
271.116432
271.138334
271.063377
272.166992
272.120011
272.429195
272.374188
272.578132
273.102786
273.159953
272.671866
272.305360
271.162747
271.040874
271.211681
271.334052
271.347912
271.028976
269.912266
269.685136
269.845835
269.622688
269.892992
270.808693
270.153197
261.229450
261.491478
261.454869
261.034915
261.081239
262.700872
262.602101
262.366281
262.541987
262.615031
262.639160
262.619524
262.079165
262.152617
262.925614
263.074625
263.060614
263.197724
263.131176
263.199135
262.831130
262.676528
262.499684
262.377262
262.262044
261.382936
260.839467
261.489917
261.450181
261.402073
260.565871
260.742278
260.948448
261.123196
261.642453
260.964697
260.964697
260.998976
260.646722
260.718401
261.316604
261.224846
261.292793
261.767264
261.749186
262.221914
262.448489
262.463792
262.906335
262.968609
263.294017
263.535939
262.862971
262.722128
262.869621
263.718432
263.589668
263.372767
263.790295
263.784144
263.341611
263.059458
262.971530
263.208341
263.157483
263.039043
262.932744
263.026737
261.217359
261.217359
260.744907
260.983839
261.009927
261.093390
260.882505
260.882505
260.882505
261.225132
260.321626
260.450976
260.450976
260.416416
261.043774
260.639097
260.195201
260.445257
260.422674
260.184868
260.291757
260.209060
260.281562
260.090835
260.090835
260.119931
260.119931
259.607560
259.988650
259.988650
260.559293
259.709865
259.700464
258.899413
258.768718
258.929676
259.195309
259.541272
259.404305
259.740685
259.719313
259.294894
259.262050
259.635862
259.349853
259.266946
259.212744
259.205671
259.502563
259.502563
259.224600
259.652603
259.536252
259.665449
258.272130
258.296351
25