15.709647
15.709731
15.709142
15.718518
15.688972
15.715661
15.699076
15.704237
15.720223
15.725039
15.754196
15.784383
15.781242
15.796364
15.772545
15.770456
15.740319
15.731166
15.735231
15.728130
15.752643
15.755555
15.755888
15.747282
15.753384
15.763987
15.814021
15.812642
15.813474
15.834414
15.864803
15.842581
15.840478
15.826345
15.846072
15.852911
15.868384
15.893393
15.907321
15.895471
15.890998
15.900771
15.926425
15.935673
15.957051
15.953087
15.946279
15.938150
15.928076
15.935644
15.932828
15.926983
15.911215
15.919818
15.937004
15.935280
15.951974
15.951917
15.989506
15.967625
15.957541
15.952837
15.949385
15.918277
15.908973
15.905911
15.911873
15.908714
15.919290
15.894372
15.908012
15.920011
15.862994
15.862109
15.827225
15.829554
15.845139
15.825382
15.835547
15.845897
15.858615
15.853196
15.881043
15.883141
15.854950
15.853865
15.858410
15.847487
15.813743
15.784908
15.781399
15.786524
15.788916
15.765270
15.771311
15.783473
15.785601
15.793721
15.784858
15.785955
15.783009
15.786843
15.782143
15.767020
15.767069
15.764329
15.726941
15.720177
15.718657
15.705570
15.741727
15.704587
15.692718
15.673838
15.665916
15.683071
15.678528
15.666560
15.687839
15.720605
15.743702
15.754746
15.762777
15.769174
15.777301
15.795914
15.797448
15.814087
15.804199
15.803279
15.789348
15.786267
15.780620
15.790061
15.824702
15.839899
15.849394
15.825199
15.828345
15.844950
15.836870
15.840475
15.827905
15.806753
15.811206
15.811585
15.810909
15.821850
15.824823
15.830583
15.837251
15.832761
15.828389
15.820067
15.826145
15.818567
15.800799
15.790669
15.756886
15.745051
15.724940
15.713958
15.774412
15.791044
15.783863
15.783234
15.816580
15.832163
15.834056
15.847084
15.832446
15.834128
15.836010
15.826284
15.843958
15.870329
15.856063
15.874360
15.859145
15.864396
15.855098
15.845898
15.850364
15.839670
15.825033
15.840909
15.834707
15.850244
15.809537
15.820194
15.817726
15.819415
15.797484
15.812861
15.802629
15.796815
15.804654
15.803625
15.816230
15.819167
15.814508
15.811515
15.811142
15.821950
15.818644
15.834775
15.866649
15.863474
15.860491
15.879531
15.873640
15.858144
15.851685
15.842750
15.859467
15.877485
15.891949
15.884389
15.885736
15.862430
15.852790
15.856558
15.881258
15.902722
15.908844
15.912862
15.892219
15.897433
15.887725
15.915682
15.926662
15.865761
15.858831
15.830169
15.832152
15.840933
15.828920
15.815582
15.800082
15.813697
15.818199
15.834258
15.835923
15.835518
15.826067
15.824194
15.807739
15.809111
15.817255
15.795019
15.804089
15.811470
15.842972
15.788682
15.779777
15.769209
15.761442
15.771248
15.790964
15.822227
15.823846
15.828258
15.812306
15.820544
15.813835
15.814139
15.825374
15.808029
15.798546
15.779536
15.788970
15.790423
15.796823
15.791423
15.786841
15.780404
15.788738
15.787054
15.752394
15.726577
15.737661
15.770446
15.748230
15.761045
15.782322
15.783822
15.787822
15.826685
15.823165
15.834809
15.840473
15.830925
15.797595
15.798955
15.794028
15.788023
15.802454
15.780361
15.777691
15.760049
15.767634
15.736802
15.737931
15.724876
15.711091
15.707823
15.719786
15.725224
15.758925
15.782257
15.768949
15.799275
15.795057
15.780341
15.784949
15.809392
15.806003
15.811080
15.817595
15.815987
15.837966
15.865688
15.879865
15.883452
15.918662
15.956795
15.959682
15.932220
15.913731
15.894562
15.928633
15.953099
15.948159
15.953441
15.944279
15.958680
15.936399
15.932115
15.916123
15.887266
15.902378
15.886121
15.862079
15.858495
15.855416
15.860387
15.862419
15.878903
15.881477
15.888293
15.879880
15.879304
15.875038
15.868514
15.869448
15.849769
15.860065
15.866105
15.835082
15.875535
15.868801
15.870312
15.880148
15.856281
15.843317
15.840721
15.843487
15.865253
15.862388
15.882717
15.892424
15.893331
15.892342
15.907060
15.908962
15.923891
15.934744
15.934715
15.938494
15.950410
15.939620
15.936489
15.950626
15.945715
15.947960
15.956969
15.998161
16.002156
15.995016
16.004102
16.008019
16.001764
15.999088
16.001338
16.011096
16.014355
16.018335
16.004851
16.015764
16.025606
16.042099
16.066862
16.057394
16.048056
16.061178
16.073174
16.059821
16.077871
16.049909
16.072381
16.045887
16.043927
16.043753
16.036224
16.031331
16.037597
16.024774
16.024035
16.075834
16.076722
16.088090
16.089486
16.084507
16.082528
16.091311
16.116227
16.139812
16.132481
16.120254
16.146688
16.159837
16.130367
16.121876
16.124558
16.124401
16.124788
16.127714
16.128326
16.113440
16.125062
16.103199
16.089934
16.082506
16.063420
16.068250
16.067695
16.074203
16.061555
16.054759
16.054177
16.076892
16.054761
16.042156
16.067669
16.079704
16.125483
16.138532
16.112248
16.117820
16.086650
16.097264
16.093330
16.100541
16.125828
16.096874
16.077503
16.111824
16.104622
16.098445
16.084774
16.088501
16.069336
16.086831
16.084674
16.086130
16.075162
16.071773
16.079653
16.029896
16.032237
16.032186
16.032475
16.033679
16.034076
16.037487
16.032814
16.030230
16.044838
16.053737
16.037700
16.041095
16.023352
16.026103
16.017604
16.012497
16.009616
16.008044
16.026811
16.037637
16.057579
16.054281
16.035550
16.028516
16.043861
16.055019
16.061730
16.076406
16.085588
16.081394
16.085478
16.112909
16.091603
16.103682
16.102743
16.107256
16.124610
16.147380
16.145614
16.151304
16.146034
16.145373
16.165207
16.158302
16.138626
16.135520
16.133493
16.117380
16.119866
16.131736
16.130578
16.120850
16.109892
16.108385
16.093806
16.095102
16.105323
16.096890
16.097889
16.105481
16.098405
16.108089
16.120103
16.093031
16.110127
16.099420
16.080164
16.109635
16.119520
16.112906
16.116096
16.123063
16.110849
16.111046
16.110246
16.118940
16.114462
16.084421
16.090555
16.081110
16.081190
16.096784
16.094505
16.077536
16.064765
16.040131
16.051169
16.004677
16.020561
16.028546
16.029461
16.035470
16.009929
15.981750
15.977817
15.974531
15.974992
15.983781
15.983477
15.982348
16.004721
16.018968
16.037039
16.035474
16.020349
16.035181
16.021967
15.998640
15.975654
15.982123
15.976724
15.993915
16.008482
16.011758
16.020822
16.031821
16.045760
16.052928
16.056061
16.054837
16.068138
16.048771
16.043793
16.021410
16.004695
15.963017
15.943505
15.937218
15.970632
15.991078
16.010379
15.992137
15.992653
15.975148
15.942266
15.924701
15.913142
15.891286
15.892915
15.892984
15.888868
15.893439
15.888266
15.895608
15.890959
15.881455
15.891902
15.867279
15.865706
15.881731
15.868177
15.857620
15.845232
15.849533
15.873012
15.899761
15.902116
15.933849
15.912144
15.906680
15.903740
15.913839
15.922417
15.922743
15.905983
15.933342
15.945381
15.977166
15.989416
15.978210
15.988641
16.000086
16.018869
16.010729
15.998866
15.995588
16.013301
16.025281
16.033674
16.041175
16.031999
16.019574
16.002092
16.000172
15.995315
15.972611
15.968307
15.972202
15.949867
15.933115
15.921877
15.944167
15.925403
15.911894
15.926243
15.948258
15.891882
15.892394
15.873198
15.853111
15.850986
15.844254
15.835688
15.851930
15.854225
15.857666
15.838918
15.811634
15.799914
15.796481
15.801615
15.813914
15.794290
15.782392
15.795690
15.791176
15.774912
15.799939
15.776338
15.796585
15.807387
15.805608
15.753247
15.760326
15.765275
15.766613
15.767668
15.754819
15.772914
15.785781
15.784504
15.768169
15.788471
15.755410
15.713569
15.697061
15.677526
15.647596
15.671253
15.672546
15.658311
15.663135
15.677679
15.670657
15.638529
15.643606
15.683709
15.672419
15.683535
15.673660
15.672231
15.670160
15.685878
15.725503
15.723180
15.702380
15.700905
15.710634
15.674238
15.681449
15.682434
15.674476
15.664370
15.665897
15.681216
15.692036
15.695913
15.682840
15.692736
15.673482
15.666166
15.671908
15.662384
15.688790
15.664808
15.617989
15.618567
15.617773
15.615846
15.635918
15.637247
15.646859
15.637003
15.613898
15.618523
15.635022
15.632903
15.625885
15.613382
15.606191
15.604332
15.633504
15.627521
15.622611
15.647044
15.649050
15.644810
15.634427
15.621039
15.591749
15.570897
15.576915
15.570042
15.563362
15.570439
15.567679
15.598169
15.568864
15.589894
15.585453
15.584422
15.582660
15.581409
15.576475
15.571579
15.566904
15.578949
15.589509
15.587215
15.591530
15.591809
15.599496
15.600297
15.591593
15.600641
15.606094
15.601714
15.593297
15.590706
15.581013
15.559944
15.543365
15.570931
15.553532
15.550002
15.553120
15.550582
15.558458
15.565889
15.543372
15.546746
15.538391
15.546413
15.530696
15.523314
15.539403
15.552297
15.546726
15.548049
15.549544
15.550063
15.558098
15.542928
15.549533
15.542474
15.545347
15.553506
15.538924
15.531167
15.510289
15.503374
15.500369
15.498310
15.510686
15.520835
15.495946
15.505352
15.528109
15.527425
15.555368
15.540104
15.545814
15.565464
15.562690
15.566192
15.567053
15.573592
15.583897
15.575886
15.575402
15.595836
15.578360
15.578945
15.592546
15.624907
15.605041
15.596894
15.589303
15.578258
15.585496
15.587595
15.583411
15.552994
15.552855
15.578224
15.565660
15.572007
15.579180
15.574231
15.580553
15.567672
15.554330
15.529161
15.518982
15.501979
15.532413
15.506762
15.513695
15.519168
15.530470
15.521106
15.499719
15.495163
15.489711
15.499756
15.493983
15.490607
15.493784
15.505353
15.502625
15.493523
15.505458
15.481566
15.468282
15.468343
15.442779
15.437628
15.466604
15.465328
15.467155
15.487229
15.461802
15.439919
15.443094
15.438931
15.419283
15.416925
15.407491
15.427151
15.439669
15.455849
15.458548
15.472831
15.459328
15.450303
15.426929
15.422537
15.418668
15.405059
15.421751
15.420841
15.401635
15.402043
15.414380
15.387935
15.363148
15.369202
15.351208
15.370120
15.369471
15.380452
15.363796
15.396009
15.402608
15.409863
15.416264
15.445071
15.421546
15.399774
15.374707
15.355052
15.333603
15.315387
15.346674
15.345566
15.345440
15.351970
15.361001
15.387192
15.399646
15.391166
15.411620
15.412611
15.396043
15.386247
15.414321
15.438485
15.436765
15.395131
15.383170
15.374557
15.360080
15.346686
15.348157
15.320470
15.310477
15.304554
15.301554
15.297983
15.294575
15.314463
15.299033
15.310757
15.312168
15.320183
15.337214
15.335046
15.349478
15.342080
15.341649
15.343033
15.356586
15.349251
15.330821
15.336770
15.345838
15.356748
15.362461
15.371256
15.364375
15.361645
15.359731
15.333164
15.348706
15.333459
15.326834
15.321176
15.316904
15.323238
15.286901
15.253320
15.252745
15.232173
15.242681
15.227214
15.200344
15.173035
15.157343
15.164725
15.147571
15.161868
15.161076
15.149588
15.168143
15.189380
15.170477
15.167395
15.148062
15.136032
15.151249
15.148541
15.149686
15.148516
15.145387
15.154707
15.176598
15.190820
15.179869
15.170009
15.165621
15.163153
15.161096
15.161777
15.189252
15.183157
15.173683
15.173129
15.173776
15.177367
15.195736
15.182908
15.163781
15.173068
15.167214
15.184652
15.156388
15.148639
15.154288
15.165477
15.128545
15.133713
15.137763
15.128720
15.103224
15.091243
15.104123
15.088824
15.099893
15.080191
15.071781
15.070816
15.076848
15.083251
15.088660
15.109050
15.086304
15.064691
15.059172
15.058601
15.055075
15.063096
15.078615
15.079482
15.104359
15.077801
15.105629
15.115196
15.140298
15.146111
15.134399
15.112045
15.100222
15.124212
15.121053
15.115047
15.137312
15.127267
15.131978
15.132043
15.126477
15.146790
15.141653
15.125839
15.137187
15.149536
15.126169
15.133958
15.097399
15.107030
15.100780
15.101093
15.096369
15.093113
15.111087
15.121526
15.133788
15.138727
15.155370
15.141402
15.126235
15.126423
15.162214
15.171450
15.189966
15.184472
15.185133
15.167955
15.172151
15.195989
15.200510
15.201512
15.210438
15.203256
15.201962
15.251812
15.225826
15.226928
15.199671
15.219622
15.212860
15.196752
15.203674
15.204546
15.216463
15.219670
15.227054
15.225170
15.224301
15.232511
15.250682
15.263707
15.275394
15.276036
15.257438
15.241355
15.232283
15.226103
15.201186
15.221183
15.214026
15.208023
15.197482
15.181459
15.186109
15.166208
15.154870
15.163591
15.163351
15.153063
15.141288
15.162512
15.152512
15.149446
15.150634
15.141872
15.153487
15.155506
15.165851
15.154995
15.142461
15.145804
15.146053
15.122164
15.108986
15.124308
15.158042
15.175948
15.194392
15.192422
15.212154
15.195800
15.200756
15.172260
15.149949
15.141159
15.135444
15.139736
15.136417
15.134119
15.142633
15.143218
15.159541
15.156665
15.142368
15.133726
15.149876
15.152955
15.172451
15.171397
15.161186
15.160920
15.153915
15.200651
15.183796
15.188272
15.168215
15.199431
15.196359
15.201230
15.159388
15.160085
15.172662
15.174945
15.215715
15.219963
15.212917
15.211937
15.210875
15.210193
15.221337
15.172537
15.164376
15.154877
15.183035
15.162592
15.164736
15.192901
15.200926
15.208843
15.244708
15.254943
15.245153
15.254039
15.248826
15.254654
15.236968
15.226192
15.215575
15.201715
15.199229
15.180272
15.178666
15.195304
15.172996
15.180846
15.189037
15.191491
15.187672
15.176085
15.175423
15.182611
15.204361
15.191248
15.219232
15.210319
15.216486
15.214605
15.232271
15.257272
15.248034
15.273302
15.295647
15.282836
15.285203
15.255825
15.269276
15.250163
15.244190
15.252518
15.266787
15.263809
15.272026
15.278673
15.260533
15.268067
15.275321
15.278507
15.296064
15.308513
15.274927
15.254833
15.247767
15.256429
15.271245
15.249432
15.275517
15.280023
15.290433
15.311394
15.317480
15.300724
15.308604
15.309185
15.311119
15.319037
15.334966
15.329415
15.319131
15.315920
15.329202
15.308382
15.302147
15.340012
15.341971
15.349812
15.338675
15.339524
15.331405
15.314454
15.308556
15.294763
15.329194
15.321378
15.311014
15.317722
15.305544
15.310343
15.306566
15.302740
15.289243
15.290957
15.287706
15.296732
15.305143
15.309465
15.319609
15.325030
15.340066
15.348820
15.320136
15.334311
15.315332
15.294876
15.265036
15.228527
15.228103
15.245803
15.231702
15.225461
15.210395
15.236094
15.236956
15.246311
15.236716
15.198238
15.238879
15.229064
15.231489
15.245416
15.263305
15.258603
15.236222
15.221926
15.249871
15.259430
15.291076
15.293250
15.283512
15.284123
15.280423
15.255177
15.239716
15.229387
15.227331
15.209460
15.200054
15.194798
15.180268
15.174839
15.190395
15.185615
15.161431
15.198351
15.197255
15.199138
15.197264
15.208621
15.243822
15.263013
15.289854
15.279194
15.305115
15.306032
15.302256
15.314374
15.287675
15.286383
15.264830
15.257059
15.235910
15.218275
15.221508
15.229573
15.241941
15.235031
15.238857
15.247831
15.259957
15.260759
15.257906
15.251877
15.252879
15.241441
15.246018
15.228816
15.235349
15.241712
15.233882
15.249757
15.248943
15.257471
15.262160
15.278146
15.285672
15.283045
15.280969
15.278197
15.278006
15.292006
15.302608
15.288295
15.297986
15.306515
15.307243
15.316664
15.311005
15.315212
15.318302
15.321829
15.324804
15.317342
15.330843
15.310262
15.315128
15.309198
15.339747
15.350538
15.339953
15.339773
15.357946
15.370144
15.374518
15.364226
15.367994
15.359455
15.390101
15.406934
15.395374
15.406273
15.404088
15.409383
15.426448
15.418565
15.426393
15.432641
15.423608
15.405572
15.404593
15.434512
15.454722
15.460822
15.456901
15.466675
15.467124
15.460228
15.471126
15.490355
15.499295
15.493315
15.484644
15.480358
15.472259
15.468796
15.482556
15.478081
15.457456
15.445682
15.423904
15.417712
15.418016
15.388549
15.400795
15.411442
15.409766
15.438286
15.443944
15.448503
15.430843
15.437538
15.455715
15.458238
15.468792
15.456441
15.447290
15.442500
15.453656
15.463915
15.449245
15.451605
15.467986
15.476442
15.460112
15.435419
15.440285
15.444276
15.425322
15.424431
15.414029
15.404403
15.378989
15.379646
15.385465
15.378488
15.377704
15.383161
15.390926
15.399248
15.388930
15.406846
15.393660
15.367476
15.356196
15.370911
15.387638
15.387787
15.392999
15.389467
15.394129
15.399166
15.401977
15.399574
15.399441
15.420975
15.415890
15.425844
15.410621
15.394694
15.390150
15.393223
15.401625
15.401610
15.397531
15.410201
15.405065
15.386838
15.385641
15.402566
15.415392
15.444211
15.451967
15.471504
15.465177
15.469390
15.452894
15.448676
15.487050
15.479117
15.480313
15.473358
15.459731
15.485786
15.471814
15.489927
15.500616
15.499372
15.498827
15.506350
15.522168
15.521164
15.550571
15.535239
15.539884
15.528395
15.514806
15.515498
15.540950
15.515968
15.520352
15.518783
15.511706
15.514421
15.503441
15.518006
15.511077
15.507510
15.489769
15.458266
15.458821
15.438564
15.444192
15.469900
15.458043
15.460105
15.474261
15.455553
15.480653
15.486184
15.481058
15.471572
15.466607
15.459959
15.443098
15.438678
15.441667
15.423133
15.431377
15.446656
15.428432
15.417445
15.439834
15.460070
15.472704
15.470540
15.476654
15.490153
15.493279
15.498908
15.490758
15.507394
15.504386
15.492858
15.468808
15.464602
15.456220
15.427827
15.434159
15.428211
15.411076
15.407195
15.405698
15.432295
15.417494
15.415017
15.406372
15.404042
15.415219
15.434643
15.422166
15.430793
15.426113
15.445176
15.467979
15.478940
15.486965
15.490792
15.488974
15.481237
15.460557
15.454124
15.461774
15.449245
15.438690
15.451739
15.469526
15.491732
15.500485
15.505480
15.503898
15.502184
15.512215
15.526593
15.539472
15.506994
15.503221
15.507557
15.494119
15.501839
15.512045
15.529213
15.521343
15.519869
15.539601
15.498059
15.506285
15.510191
15.515345
15.494762
15.496372
15.497038
15.498427
15.517555
15.535555
15.515275
15.463889
15.481688
15.489069
15.479446
15.461198
15.469804
15.467473
15.484949
15.449901
15.462547
15.472504
15.449040
15.445913
15.471443
15.480638
15.498108
15.495051
15.492690
15.490966
15.465349
15.442650
15.442819
15.451468
15.426184
15.433557
15.408712
15.416003
15.412593
15.421685
15.416812
15.430380
15.423655
15.435364
15.419742
15.409094
15.420262
15.442116
15.422445
15.410068
15.427139
15.426944
15.425592
15.425980
15.405520
15.384899
15.354401
15.347651
15.349954
15.368295
15.383147
15.378320
15.396074
15.412548
15.418565
15.429908
15.411119
15.402637
15.407225
15.415798
15.402997
15.412271
15.417019
15.446278
15.456060
15.445322
15.439442
15.441836
15.442179
15.420209
15.402104
15.402649
15.380429
15.398626
15.385452
15.363417
15.349662
15.355976
15.328253
15.386111
15.384512
15.365765
15.381123
15.375652
15.384960
15.392370
15.376092
15.348014
15.342571
15.326846
15.334300
15.345629
15.319733
15.318247
15.317852
15.320442
15.324302
15.323467
15.325464
15.338011
15.349871
15.357320
15.368398
15.355865
15.368260
15.373587
15.370810
15.370791
15.363242
15.362547
15.345126
15.350420
15.342231
15.339343
15.369250
15.381280
15.401603
15.414357
15.422365
15.417068
15.386011
15.407217
15.421592
15.429800
15.437919
15.429945
15.471511
15.459153
15.463439
15.472378
15.497565
15.480501
15.487032
15.482334
15.470588
15.471234
15.463846
15.433911
15.433931
15.414420
15.408857
15.410534
15.399561
15.400542
15.406151
15.369346
15.361341
15.389330
15.386169
15.366757
15.376832
15.372543
15.396519
15.404285
15.447537
15.441634
15.475534
15.472764
15.464768
15.463473
15.449495
15.419881
15.430704
15.427972
15.434619
15.442706
15.424021
15.413285
15.431550
15.424108
15.433402
15.427313
15.444162
15.472102
15.466261
15.449701
15.433879
15.435365
15.435947
15.466098
15.464186
15.461391
15.477675
15.501847
15.472382
15.457325
15.470086
15.455860
15.458960
15.459879
15.457577
15.466736
15.445900
15.423912
15.431897
15.415374
15.404808
15.407965
15.414071
15.386535
15.384494
15.381056
15.413498
15.432629
15.465357
15.471578
15.468654
15.496237
15.483791
15.477258
15.471923
15.491912
15.466060
15.459803
15.466882
15.506589
15.510305
15.492172
15.480737
15.498768
15.503007
15.521234
15.537884
15.521847
15.546809
15.573893
15.562816
15.575346
15.568367
15.579716
15.579198
15.585625
15.604175
15.618616
15.609195
15.546203
15.541533
15.520733
15.524971
15.537572
15.544061
15.553143
15.583783
15.606388
15.612293
15.610740
15.601111
15.623894
15.629546
15.620646
15.598712
15.598960
15.574040
15.557691
15.575999
15.567231
15.578828
15.578995
15.565197
15.547007
15.551940
15.554292
15.570290
15.556124
15.564109
15.570470
15.564722
15.565732
15.571724
15.577223
15.573234
15.582814
15.586078
15.601654
15.592659
15.617197
15.631597
15.631411
15.645335
15.651517
15.683370
15.699368
15.706857
15.722192
15.729171
15.716647
15.727217
15.720061
15.711075
15.702374
15.696639
15.681432
15.695182
15.686067
15.680694
15.679678
15.643651
15.636537
15.663991
15.654964
15.667931
15.647408
15.630327
15.638983
15.642013
15.619818
15.618066
15.599299
15.623190
15.630472
15.643710
15.600940
15.579098
15.570445
15.548310
15.556347
15.562915
15.576702
15.584545
15.550898
15.570184
15.566178
15.580486
15.571529
15.568932
15.561793
15.578935
15.609526
15.611247
15.610760
15.603912
15.604502
15.608943
15.607852
15.617474
15.634556
15.630483
15.645061
15.660470
15.631993
15.618918
15.619492
15.629868
15.609854
15.606715
15.575453
15.598002
15.628875
15.650069
15.638458
15.598643
15.593732
15.585976
15.578007
15.577213
15.581495
15.586293
15.552571
15.541684
15.507467
15.516793
15.508132
15.506962
15.511876
15.518473
15.513288
15.519988
15.532768
15.538788
15.514881
15.527241
15.544719
15.551603
15.547283
15.539374
15.544144
15.568275
15.566733
15.558985
15.546311
15.536684
15.531562
15.494715
15.485134
15.511948
15.511828
15.515905
15.504347
15.508509
15.497282
15.521241
15.509536
15.529244
15.529210
15.535544
15.540727
15.539729
15.549798
15.560998
15.591651
15.573537
15.576903
15.565890
15.547621
15.542594
15.551870
15.560973
15.568146
15.569834
15.592070
15.585537
15.597601
15.585763
15.589844
15.600481
15.615679
15.617301
15.620504
15.588007
15.574327
15.577995
15.561731
15.565878
15.537076
15.526091
15.534588
15.521850
15.538212
15.556479
15.564307
15.537852
15.536921
15.513809
15.510791
15.498884
15.471460
15.460413
15.451393
15.449079
15.450528
15.446667
15.475611
15.479850
15.500551
15.482198
15.469346
15.492844
15.499952
15.457377
15.464639
15.446559
15.455073
15.493978
15.498555
15.455991
15.471626
15.444921
15.440963
15.444863
15.464350
15.461837
15.472758
15.479210
15.482275
15.475857
15.476487
15.467743
15.470774
15.513649
15.498423
15.490464
15.488840
15.487026
15.465708
15.464712
15.471796
15.451948
15.443021
15.444692
15.479156
15.466896
15.463672
15.465634
15.491378
15.496459
15.490950
15.495467
15.466302
15.453681
15.470879
15.472611
15.449446
15.483543
15.471582
15.477486
15.478038
15.453662
15.452170
15.468831
15.442978
15.437595
15.428679
15.438539
15.467921
15.461345
15.473362
15.470983
15.457322
15.439352
15.438029
15.431734
15.429085
15.413615
15.420136
15.445957
15.457119
15.443497
15.460317
15.484143
15.461087
15.473603
15.490162
15.494879
15.483987
15.496320
15.486155
15.490416
15.489032
15.466096
15.461317
15.476739
15.467059
15.470864
15.487421
15.444057
15.456015
15.448729
15.440566
15.430487
15.416692
15.461856
15.455608
15.442081
15.467408
15.467738
15.470785
15.469446
15.490925
15.485853
15.476751
15.495204
15.499032
15.520322
15.508958
15.507727
15.513698
15.503099
15.489535
15.484592
15.498416
15.508007
15.516002
15.541529
15.532433
15.515595
15.524714
15.519619
15.515630
15.515502
15.516295
15.512889
15.501383
15.500074
15.502300
15.496019
15.496217
15.478273
15.480575
15.488350
15.506729
15.501255
15.513610
15.500247
15.481606
15.479760
15.473937
15.486005
15.456659
15.447727
15.449458
15.451155
15.432854
15.430504
15.398435
15.403820
15.411984
15.430323
15.414822
15.400742
15.396795
15.388652
15.405820
15.409185
15.412514
15.404012
15.389605
15.404414
15.425508
15.421530
15.406409
15.415385
15.403766
15.405787
15.416192
15.416639
15.418894
15.391963
15.407536
15.418339
15.422677
15.436199
15.443606
15.480592
15.464952
15.496374
15.508069
15.507127
15.504803
15.523977
15.547440
15.530219
15.532371
15.550002
15.559283
15.544914
15.533860
15.537315
15.533709
15.543713
15.568551
15.571512
15.577398
15.565818
15.550885
15.540330
15.535951
15.509390
15.515176
15.507812
15.513612
15.510328
15.506104
15.509706
15.448966
15.426608
15.424601
15.433904
15.437741
15.420265
15.404973
15.402147
15.400413
15.406458
15.400588
15.404073
15.393468
15.402464
15.404527
15.406635
15.390995
15.405866
15.422344
15.432139
15.442966
15.458212
15.465282
15.440224
15.434587
15.424399
15.402432
15.399023
15.399174
15.392456
15.391384
15.383146
15.391663
15.373625
15.390849
15.402768
15.398591
15.419457
15.393426
15.386518
15.394419
15.410305
15.416410
15.403523
15.403235
15.402482
15.400927
15.403227
15.429547
15.444731
15.436179
15.432839
15.424099
15.417283
15.398781
15.404383
15.417151
15.421328
15.425740
15.433990
15.424233
15.432126
15.445309
15.448418
15.469765
15.444936
15.475725
15.473347
15.492294
15.476771
15.479652
15.486347
15.496652
15.503140
15.493107
15.489222
15.457883
15.448677
15.444369
15.444338
15.461254
15.459383
15.451202
15.448641
15.432851
15.427334
15.398645
15.406123
15.385701
15.395723
15.407250
15.424596
15.432010
15.427215
15.429154
15.413906
15.420500
15.432543
15.437978
15.463053
15.452194
15.428671
15.430771
15.444910
15.429491
15.419291
15.454445
15.445404
15.462660
15.440709
15.466060
15.476724
15.477930
15.466767
15.464748
15.473168
15.491169
15.510783
15.506147
15.521785
15.547087
15.545683
15.554167
15.537156
15.522862
15.535233
15.535161
15.527256
15.535474
15.552304
15.550031
15.552157
15.567256
15.550224
15.554801
15.542892
15.532353
15.538282
15.541391
15.507856
15.481974
15.494091
15.493899
15.480486
15.476633
15.469534
15.468245
15.479968
15.505972
15.499933
15.493259
15.501347
15.485960
15.496357
15.496721
15.485063
15.479000
15.490938
15.536904
15.540073
15.528637
15.520892
15.557572
15.561815
15.563698
15.579351
15.564450
15.572669
15.553417
15.545260
15.545000
15.522147
15.537780
15.553063
15.555895
15.556580
15.554964
15.572045
15.570953
15.557662
15.562433
15.584000
15.575653
15.551972
15.570830
15.577793
15.553091
15.580853
15.564990
15.565333
15.598799
15.597574
15.615019
15.614103
15.626173
15.609769
15.656764
15.656624
15.638643
15.651107
15.654417
15.651654
15.651805
15.665131
15.663024
15.662577
15.673491
15.690737
15.681650
15.669446
15.655937
15.640499
15.631838
15.655646
15.666843
15.694110
15.689841
15.706477
15.686775
15.666565
15.678954
15.696216
15.686480
15.675554
15.699315
15.704450
15.708111
15.690838
15.682363
15.674523
15.660711
15.695389
15.689862
15.691117
15.651269
15.674283
15.655611
15.652186
15.660781
15.659249
15.689262
15.713661
15.697944
15.685904
15.676721
15.696457
15.693711
15.697472
15.699296
15.703018
15.690381
15.691566
15.690812
15.668836
15.662302
15.675964
15.687559
15.687770
15.656258
15.646401
15.646632
15.632984
15.634391
15.630347
15.614911
15.640396
15.650013
15.655699
15.654474
15.661879
15.667458
15.681828
15.658645
15.676549
15.666035
15.684141
15.695463
15.678496
15.673475
15.683501
15.682150
15.681200
15.672345
15.669376
15.678306
15.668226
15.667547
15.680109
15.674354
15.677572
15.686223
15.683690
15.689917
15.711031
15.718714
15.693615
15.701535
15.730232
15.759456
15.769298
15.766116
15.753832
15.721982
15.726554
15.691977
15.718786
15.726475
15.710181
15.725442
15.709159
15.715420
15.705694
15.681262
15.701769
15.683846
15.701435
15.717370
15.716318
15.722626
15.711174
15.712114
15.717888
15.733668
15.714966
15.698539
15.699131
15.699029
15.693912
15.684996
15.679117
15.658287
15.672781
15.668481
15.705828
15.721126
15.724493
15.706205
15.692385
15.695124
15.687548
15.691221
15.700599
15.652414
15.621408
15.613619
15.617449
15.568953
15.566887
15.596565
15.593775
15.601214
15.607115
15.600525
15.603098
15.613170
15.624974
15.604726
15.598435
15.590517
15.566222
15.554824
15.559871
15.536971
15.557090
15.556666
15.509338
15.541277
15.514935
15.516867
15.539234
15.551493
15.568398
15.570294
15.582625
15.594691
15.613978
15.637607
15.648493
15.677100
15.661352
15.664592
15.682823
15.694662
15.707955
15.697366
15.680758
15.675008
15.667335
15.680136
15.680731
15.683934
15.720529
15.707156
15.711147
15.689260
15.673854
15.677797
15.664139
15.663611
15.657973
15.669027
15.653966
15.653916
15.620310
15.640312
15.624763
15.617231
15.603475
15.607789
15.621327
15.625816
15.588451
15.604902
15.631010
15.625173
15.618525
15.584725
15.614282
15.615809
15.619873
15.610997
15.602681
15.592852
15.635331
15.650469
15.638332
15.638658
15.654369
15.669912
15.676104
15.661582
15.654244
15.665546
15.664633
15.680054
15.670948
15.678040
15.704506
15.705303
15.688684
15.691912
15.678196
15.710038
15.712486
15.715390
15.705352
15.699080
15.690169
15.711841
15.718365
15.727810
15.729052
15.720756
15.692318
15.692114
15.673481
15.709093
15.700195
15.701192
15.736202
15.718141
15.720563
15.719771
15.725379
15.738867
15.687508
15.658311
15.650229
15.663554
15.657417
15.704082
15.679605
15.677816
15.667898
15.656356
15.657993
15.646506
15.648560
15.637709
15.642065
15.662511
15.667185
15.668221
15.664555
15.672743
15.703421
15.682059
15.712083
15.726512
15.727385
15.729434
15.731873
15.769163
15.744448
15.744550
15.745258
15.762866
15.763694
15.784381
15.787038
15.775515
15.752816
15.762366
15.767102
15.763655
15.772348
15.759966
15.759467
15.761359
15.767783
15.772696
15.786223
15.800360
15.827393
15.839074
15.850972
15.888072
15.888360
15.879864
15.882949
15.901008
15.948037
15.934571
15.920979
15.908167
15.919888
15.917830
15.908309
15.886917
15.912917
15.872956
15.884069
15.862509
15.848812
15.853074
15.890076
15.848332
15.833650
15.837859
15.838837
15.847385
15.836476
15.829557
15.815172
15.813050
15.817196
15.834167
15.791844
15.793670
15.804570
15.789134
15.765978
15.758494
15.755425
15.732301
15.762917
15.805606
15.797876
15.816416
15.850088
15.855708
15.854768
15.856234
15.846511
15.844972
15.869872
15.877477
15.876779
15.876610
15.870300
15.832226
15.838478
15.847441
15.834956
15.833923
15.866957
15.892000
15.894975
15.877619
15.878251
15.878015
15.886180
15.912506
15.904290
15.915901
15.928028
15.938182
15.944464
15.947964
15.926537
15.914804
15.923115
15.917171
15.920751
15.897173
15.875889
15.890399
15.882462
15.918775
15.909217
15.913640
15.900546
15.906381
15.913354
15.906594
15.901092
15.891310
15.911879
15.961683
15.958832
15.968151
15.963094
15.976410
15.980560
15.939685
15.943906
15.975566
16.005473
15.998127
15.954976
15.937776
15.964220
15.951351
15.975885
15.971154
15.975777
15.977856
15.948254
15.936810
15.942052
15.940591
15.902976
15.895041
15.911053
15.928474
15.918529
15.939980
15.946291
15.930772
15.902258
15.885605
15.875396
15.872367
15.872514
15.903074
15.903059
15.883881
15.860373
15.875832
15.875104
15.879299
15.876647
15.914982
15.938842
15.936979
15.920653
15.920321
15.913873
15.924287
15.919112
15.922031
15.919152
15.924482
15.906663
15.909573
15.904649
15.890639
15.879364
15.898164
15.873334
15.862328
15.877417
15.862728
15.852401
15.867577
15.861685
15.858034
15.863589
15.856359
15.901230
15.902304
15.907650
15.932665
15.928937
15.936783
15.917157
15.927329
15.916289
15.923256
15.912379
15.904618
15.896852
15.870927
15.878062
15.898896
15.918906
15.916563
15.922866
15.898420
15.908390
15.903197
15.909615
15.907645
15.889001
15.884594
15.887125
15.893644
15.901249
15.887781
15.887186
15.914685
15.915812
15.902797
15.901970
15.872429
15.874861
15.877347
15.891671
15.903458
15.907636
15.905284
15.909921
15.937338
15.941861
15.929343
15.930451
15.926766
15.948929
15.936635
15.948778
15.952518
15.947832
15.951423
15.974050
15.959742
15.943861
15.949978
15.917400
15.918533
15.935618
15.914243
15.908071
15.889810
15.893968
15.914325
15.851339
15.858949
15.865158
15.879486
15.883409
15.866993
15.878924
15.859172
15.849918
15.864433
15.854455
15.845060
15.834889
15.830959
15.819545
15.818806
15.815595
15.832677
15.823589
15.796514
15.756961
15.766217
15.764028
15.774658
15.780384
15.784831
15.770596
15.779532
15.769810
15.760668
15.781790
15.813277
15.805928
15.849865
15.836576
15.815565
15.811441
15.829775
15.818973
15.796746
15.799412
15.791111
15.759734
15.739892
15.742460
15.742662
15.739030
15.730798
15.729770
15.740339
15.732903
15.745810
15.747703
15.750429
15.732933
15.710395
15.707797
15.655087
15.658646
15.652458
15.666404
15.668351
15.676979
15.695153
15.721314
15.722796
15.758034
15.771876
15.767020
15.759463
15.766311
15.763824
15.745324
15.746318
15.725772
15.712550
15.705833
15.694376
15.692891
15.726450
15.728806
15.763273
15.733680
15.738378
15.752833
15.755774
15.747586
15.735723
15.696668
15.722664
15.715630
15.704669
15.688740
15.649154
15.633621
15.633867
15.632045
15.643060
15.632787
15.640207
15.651858
15.648697
15.669834
15.684446
15.680426
15.671182
15.668635
15.648836
15.643299
15.681026
15.697155
15.677757
15.688379
15.706732
15.685961
15.682307
15.684906
15.676739
15.690318
15.662981
15.667264
15.667800
15.679783
15.681054
15.675177
15.666955
15.669434
15.652901
15.664634
15.665547
15.672723
15.662370
15.641899
15.638140
15.616717
15.615870
15.601615
15.581218
15.595279
15.568664
15.551910
15.534586
15.511268
15.542069
15.542946
15.530435
15.555973
15.571087
15.586147
15.581795
15.591372
15.581526
15.565421
15.552583
15.533574
15.528222
15.520511
15.518101
15.500197
15.508712
15.502322
15.508308
15.507686
15.502861
15.502950
15.511460
15.539068
15.541872
15.539680
15.557422
15.559977
15.566951
15.604911
15.609949
15.615965
15.621757
15.629519
15.630296
15.627961
15.595833
15.576891
15.578714
15.573170
15.564766
15.561845
15.565922
15.561972
15.580785
15.585828
15.560715
15.574020
15.550167
15.540168
15.521185
15.527130
15.524141
15.508158
15.502830
15.520997
15.534104
15.563961
15.578957
15.597659
15.605133
15.591291
15.589098
15.536011
15.553211
15.543690
15.538974
15.563695
15.569458
15.586172
15.608386
15.613789
15.594390
15.578388
15.557859
15.550172
15.556500
15.558136
15.591388
15.572979
15.567943
15.567216
15.583661
15.562596
15.559326
15.590983
15.620040
15.610863
15.618716
15.625732
15.611197
15.625750
15.615571
15.616451
15.589316
15.582093
15.585960
15.568701
15.543185
15.539240
15.533434
15.530393
15.574715
15.583277
15.572056
15.565623
15.557915
15.525638
15.544713
15.562613
15.547103
15.526985
15.513391
15.497404
15.513648
15.509636
15.482988
15.488656
15.488553
15.476864
15.467962
15.453056
15.480975
15.434444
15.435130
15.431822
15.418464
15.426217
15.415734
15.441867
15.436504
15.420057
15.423066
15.427254
15.426840
15.454382
15.461337
15.484693
15.464408
15.465476
15.472850
15.470537
15.442935
15.424358
15.432399
15.435953
15.426053
15.437858
15.391700
15.372565
15.344837
15.348510
15.297689
15.295451
15.273678
15.276771
15.269137
15.267839
15.256865
15.267419
15.275145
15.289443
15.305366
15.307479
15.302340
15.289993
15.291512
15.287507
15.290689
15.305443
15.320926
15.330964
15.326162
15.320906
15.328196
15.332919
15.338409
15.364574
15.378451
15.390327
15.391667
15.362324
15.377667
15.390203
15.395281
15.392723
15.377368
15.398404
15.385202
15.387340
15.376042
15.356822
15.360882
15.345859
15.316082
15.301633
15.295725
15.324638
15.288194
15.293715
15.281914
15.273934
15.231626
15.233533
15.243253
15.235511
15.254680
15.282683
15.282887
15.251553
15.238176
15.234778
15.230981
15.223394
15.203238
15.203291
15.205030
15.226588
15.235189
15.217598
15.212897
15.215691
15.269002
15.288790
15.268251
15.263344
15.264357
15.286555
15.283292
15.285788
15.284366
15.283776
15.308978
15.309324
15.282205
15.287764
15.271517
15.283738
15.266601
15.282990
15.295500
15.295180
15.287592
15.301364
15.325696
15.331804
15.336629
15.335159
15.341225
15.328568
15.305503
15.303117
15.317627
15.352683
15.359984
15.345046
15.327176
15.322319
15.293322
15.289659
15.293058
15.296871
15.313851
15.317034
15.326614
15.299493
15.301919
15.302520
15.284144
15.289276
15.290021
15.291482
15.300524
15.303899
15.322614
15.296389
15.298838
15.261767
15.278852
15.277648
15.297075
15.328273
15.322911
15.321248
15.323002
15.321816
15.318258
15.318027
15.325796
15.357404
15.352504
15.355019
15.339165
15.340913
15.340654
15.348955
15.318446
15.333188
15.317904
15.288621
15.300977
15.307290
15.306039
15.286870
15.275236
15.288565
15.287230
15.265359
15.301682
15.282506
15.277561
15.262563
15.256038
15.222114
15.234746
15.257928
15.251718
15.256038
15.264059
15.263560
15.270640
15.275180
15.278810
15.280881
15.292686
15.287166
15.289589
15.300868
15.334328
15.329038
15.317041
15.316391
15.327363
15.307054
15.313008
15.314973
15.342680
15.340991
15.319490
15.322581
15.320959
15.350270
15.367419
15.386133
15.382369
15.384688
15.381956
15.380450
15.386000
15.420649
15.424046
15.421583
15.417227
15.419895
15.400134
15.390815
15.386678
15.394411
15.386539
15.407096
15.422146
15.433313
15.439190
15.415489
15.415166
15.413605
15.440770
15.433608
15.438623
15.433553
15.443512
15.413414
15.407648
15.402461
15.382708
15.385280
15.414639
15.406124
15.418997
15.433374
15.428900
15.444758
15.452763
15.451289
15.459859
15.465491
15.473902
15.474789
15.491970
15.476699
15.544509
15.541439
15.554672
15.584156
15.595162
15.597906
15.580337
15.583400
15.581563
15.562322
15.574707
15.569171
15.557585
15.570760
15.558973
15.521405
15.511955
15.503159
15.488232
15.477150
15.450315
15.412287
15.428932
15.411927
15.408241
15.413375
15.406439
15.398796
15.417857
15.438210
15.425466
15.433005
15.430647
15.421277
15.394804
15.402364
15.399279
15.381290
15.348951
15.316473
15.305685
15.301120
15.302527
15.313722
15.320950
15.338250
15.343445
15.336876
15.349395
15.360611
15.378023
15.347257
15.356079
15.347078
15.346462
15.340813
15.330802
15.358727
15.368937
15.381078
15.364975
15.352143
15.343717
15.344685
15.366524
15.374519
15.383420
15.366416
15.376951
15.389425
15.389101
15.382060
15.390328
15.381539
15.394509
15.387926
15.391069
15.386328
15.375973
15.376121
15.375995
15.381818
15.379182
15.372782
15.378643
15.365607
15.394538
15.408372
15.415215
15.431882
15.427376
15.429680
15.420426
15.443038
15.425490
15.428220
15.423358
15.414449
15.422253
15.405250
15.420345
15.409985
15.413337
15.418299
15.417025
15.416230
15.421618
15.415390
15.415657
15.414538
15.423792
15.439827
15.455000
15.440965
15.440439
15.457648
15.471876
15.478058
15.487904
15.478722
15.486649
15.486794
15.507769
15.516622
15.508581
15.490535
15.505873
15.517261
15.506086
15.522778
15.509250
15.493595
15.507929
15.501550
15.494231
15.517906
15.495721
15.480334
15.495219
15.499242
15.490315
15.498893
15.492381
15.494718
15.473336
15.465532
15.482472
15.484759
15.491619
15.473313
15.480749
15.452729
15.456467
15.472304
15.424979
15.427490
15.431798
15.425964
15.428479
15.425709
15.421563
15.423891
15.412359
15.410244
15.418706
15.388541
15.399849
15.382449
15.376525
15.364421
15.356818
15.357585
15.378293
15.394241
15.393235
15.396213
15.397311
15.391583
15.384219
15.403701
15.403458
15.412790
15.413500
15.416855
15.381973
15.382408
15.361235
15.332460
15.375188
15.373739
15.382635
15.371830
15.366971
15.363246
15.361645
15.352256
15.366807
15.364697
15.354968
15.370736
15.378013
15.375370
15.395875
15.405469
15.391459
15.400740
15.403505
15.395404
15.415366
15.426872
15.434398
15.430417
15.459451
15.437226
15.435402
15.432058
15.430915
15.451873
15.457391
15.491314
15.503407
15.516938
15.525776
15.481644
15.472927
15.466827
15.457537
15.456803
15.457766
15.473749
15.475547
15.475229
15.468654
15.450560
15.455939
15.455613
15.461309
15.448045
15.455174
15.441697
15.438972
15.444339
15.451640
15.458890
15.453823
15.458243
15.447951
15.397324
15.402913
15.405775
15.395644
15.406759
15.413064
15.407651
15.392922
15.383856
15.371370
15.383711
15.392561
15.390586
15.382381
15.406245
15.405695
15.387315
15.390732
15.397138
15.433891
15.445911
15.455575
15.488074
15.484992
15.487348
15.481607
15.473442
15.474101
15.453102
15.454831
15.462105
15.453993
15.446308
15.446009
15.441564
15.436079
15.441052
15.474607
15.474392
15.480868
15.492452
15.499313
15.513422
15.510306
15.527454
15.494838
15.493633
15.486176
15.472073
15.484844
15.478673
15.462456
15.450410
15.448644
15.433382
15.433585
15.463534
15.455128
15.421944
15.404594
15.370825
15.367451
15.383136
15.369088
15.378828
15.353858
15.356698
15.364211
15.362229
15.381907
15.378805
15.389615
15.411772
15.411959
15.417193
15.427211
15.408026
15.386637
15.393653
15.377285
15.373475
15.393233
15.405053
15.380299
15.385954
15.381816
15.376056
15.378652
15.382097
15.384204
15.388514
15.382831
15.346573
15.302035
15.300868
15.299864
15.309299
15.299024
15.298769
15.302444
15.289128
15.271150
15.294249
15.303826
15.278344
15.287778
15.282308
15.293372
15.274240
15.289621
15.288494
15.280707
15.298748
15.289145
15.294432
15.301479
15.303403
15.296433
15.275579
15.272475
15.270589
15.272534
15.283968
15.278779
15.230808
15.203448
15.213148
15.227635
15.223699
15.239612
15.219084
15.216709
15.230365
15.237412
15.249577
15.244962
15.246806
15.240236
15.253711
15.247492
15.249004
15.248271
15.236480
15.235624
15.229764
15.230878
15.253406
15.225189
15.228919
15.224795
15.217612
15.214447
15.226418
15.252975
15.224472
15.214249
15.214862
15.197981
15.187894
15.182519
15.187435
15.187429
15.202073
15.190560
15.182284
15.192544
15.194780
15.206069
15.202403
15.182397
15.223101
15.236445
15.233523
15.244598
15.221506
15.237497
15.251765
15.274353
15.265551
15.263668
15.283884
15.278118
15.303458
15.296592
15.255568
15.261448
15.264848
15.265971
15.272659
15.270821
15.279170
15.295750
15.314745
15.304456
15.297022
15.297565
15.299359
15.341588
15.339242
15.348072
15.342589
15.334259
15.327178
15.322697
15.306361
15.295181
15.263993
15.241048
15.237625
15.247112
15.220639
15.228325
15.225561
15.236615
15.214805
15.201924
15.201055
15.207615
15.211402
15.255900
15.262026
15.246747
15.224621
15.208874
15.198695
15.207558
15.207053
