14.970714
14.976072
14.994688
15.014819
15.005420
14.988283
14.989156
14.977363
14.951328
14.953213
14.931535
14.951388
14.951464
14.967962
14.994250
14.932354
14.915789
14.920992
14.912771
14.887980
14.911229
14.914224
14.896459
14.891625
14.896969
14.911207
14.893430
14.889837
14.901889
14.901518
14.899427
14.884034
14.888006
14.866226
14.869364
14.863497
14.852109
14.859760
14.854476
14.847447
14.840051
14.838728
14.833402
14.820967
14.861874
14.869511
14.873263
14.846330
14.847247
14.848294
14.890832
14.881908
14.888463
14.888760
14.890792
14.910606
14.918626
14.897750
14.896868
14.900399
14.896137
14.867806
14.901516
14.902631
14.914790
14.906294
14.898447
14.890798
14.913267
14.913469
14.902677
14.903976
14.916148
14.904329
14.895085
14.893821
14.891209
14.884690
14.863668
14.869078
14.883689
14.893309
14.912335
14.918877
14.921206
14.943323
14.945538
14.937186
14.942043
14.944743
14.951446
14.937766
14.938211
14.941998
14.932238
14.949975
14.951765
14.966376
14.982170
14.984100
14.977463
14.997139
14.995897
14.996311
14.996988
15.018600
15.001020
15.001698
14.986058
14.976105
14.986114
14.993479
15.019446
15.005528
15.004425
15.003162
15.020394
15.000204
14.988895
14.975675
14.979821
14.973977
14.937860
14.940861
14.943868
14.918313
14.920300
14.896175
14.899284
14.898498
14.891332
14.879775
14.836032
14.864432
14.861701
14.855768
14.885083
14.865560
14.863620
14.898672
14.914056
14.914634
14.910308
14.912832
14.911052
14.919852
14.885630
14.868928
14.881591
14.895841
14.894140
14.901408
14.907380
14.886029
14.881564
14.863892
14.859193
14.856673
14.841329
14.839565
14.851191
14.875677
14.860071
14.852056
14.846859
14.852180
14.865753
14.868156
14.849430
14.848499
14.858273
14.870404
14.871183
14.850430
14.833224
14.843265
14.843543
14.846535
14.850459
14.884830
14.870336
14.875841
14.864768
14.862532
14.873320
14.872454
14.866042
14.836250
14.879862
14.845312
14.851136
14.835206
14.822345
14.821098
14.828441
14.827902
14.797246
14.794436
14.795446
14.784456
14.783598
14.775873
14.782164
14.766283
14.785343
14.761427
14.771259
14.758215
14.750677
14.744628
14.735551
14.753787
14.743695
14.747413
14.762867
14.777929
14.781849
14.790959
14.807600
14.811744
14.809628
14.808305
14.793227
14.815414
14.810749
14.795077
14.791997
14.797045
14.789909
14.774899
14.776869
14.760833
14.768109
14.768181
14.747788
14.764492
14.753365
14.756017
14.795191
14.797843
14.806585
14.813530
14.829069
14.820029
14.794502
14.800781
14.798067
14.800026
14.790251
14.800686
14.803733
14.811443
14.829078
14.846699
14.834751
14.837271
14.838361
14.854229
14.848325
14.835271
14.845577
14.844249
14.840824
14.844221
14.838845
14.821688
14.820016
14.791280
14.796252
14.838175
14.848369
14.852636
14.840763
14.819143
14.821899
14.820404
14.819361
14.802367
14.794576
14.836057
14.819683
14.849049
14.860838
14.848186
14.864901
14.866042
14.867113
14.873928
14.864913
14.868057
14.858130
14.838198
14.836284
14.826957
14.831027
14.831833
14.828828
14.834584
14.822961
14.816406
14.797411
14.815924
14.814933
14.835740
14.854710
14.842657
14.837791
14.829831
14.812764
14.818124
14.819367
14.822154
14.828186
14.839245
14.833125
14.854537
14.830899
14.846722
14.852605
14.824113
14.809452
14.811428
14.796010
14.799739
14.790077
14.782477
14.767938
14.778955
14.785661
14.791329
14.791840
14.788944
14.818806
14.818915
14.801256
14.793422
14.793580
14.776178
14.771616
14.769325
14.784156
14.796088
14.803189
14.809246
14.824827
14.834603
14.839506
14.825905
14.818978
14.821854
14.833621
14.832557
14.853816
14.844030
14.840545
14.836310
14.847084
14.831320
14.841744
14.842474
14.836564
14.828099
14.824431
14.832120
14.842970
14.869785
14.876494
14.913628
14.932788
14.919357
14.911449
14.936505
14.942098
14.951295
14.905729
14.885629
14.872837
14.872264
14.877292
14.875421
14.867123
14.857378
14.849760
14.848551
14.843011
14.846165
14.815658
14.827199
14.848341
14.848784
14.856981
14.852391
14.836759
14.829788
14.829424
14.813089
14.811278
14.816080
14.832782
14.818075
14.809587
14.791880
14.775484
14.775409
14.779509
14.777566
14.785701
14.787199
14.796595
14.808763
14.807826
14.808204
14.805709
14.793547
14.817844
14.816625
14.821548
14.809024
14.797356
14.790371
14.816123
14.820079
14.845088
14.865919
14.859335
14.853889
14.878295
14.867632
14.844841
14.873181
14.851409
14.838995
14.831778
14.839757
14.825972
14.800625
14.776226
14.787479
14.778593
14.798407
14.795277
14.791239
14.790782
14.786295
14.787150
14.800261
14.801836
14.762935
14.768987
14.796303
14.799992
14.798814
14.782769
14.796032
14.785063
14.777187
14.783228
14.788664
14.790406
14.829562
14.842580
14.864987
14.907783
14.888621
14.887990
14.884462
14.910651
14.895737
14.882570
14.888402
14.878061
14.857444
14.856982
14.851954
14.868416
14.884305
14.901198
14.917219
14.912474
14.905737
14.913962
14.909121
14.907364
14.892989
14.890689
14.870342
14.862293
14.856171
14.864025
14.864342
14.895097
14.886138
14.891436
14.943949
14.962142
14.976144
14.964408
14.953102
14.946925
14.970944
14.962123
14.961523
14.969169
14.932963
14.926468
14.940702
14.943956
14.943243
14.930223
14.944704
14.952931
14.949613
14.938799
14.938164
14.944462
14.932788
14.931791
14.941374
14.981519
14.979522
15.001217
14.998496
15.011114
15.008124
15.006520
15.006996
15.004908
15.006619
15.022462
15.045728
15.041798
15.017140
15.013629
15.008496
14.982206
14.982319
14.976802
14.960174
14.959350
14.950497
14.955621
14.962831
14.964205
14.976431
14.979116
14.932819
14.961534
14.967492
15.015090
15.018526
15.016494
14.984441
14.998772
14.993601
14.992220
14.998119
15.003691
15.009490
15.025093
15.014511
14.998723
14.976053
14.981742
14.983476
15.000363
14.990079
14.965365
14.973456
14.971727
14.979999
14.950987
14.950692
14.955784
14.936299
14.941296
14.944259
14.935693
14.924239
14.928622
14.936501
14.944398
14.971322
14.964601
14.955281
14.983711
14.985235
14.987073
14.982640
14.959420
14.940125
14.956073
14.922031
14.918393
14.912860
14.896781
14.895177
14.895360
14.867393
14.869698
14.876082
14.867843
14.859294
14.851968
14.861675
14.858984
14.865169
14.847648
14.848370
14.848006
14.855027
14.873629
14.866284
14.865634
14.864261
14.860043
14.882855
14.881967
14.887603
14.896949
14.905616
14.881277
14.870730
14.878841
14.874150
14.876319
14.880195
14.876162
14.878053
14.896748
14.883312
14.880597
14.872031
14.883865
14.877291
14.886863
14.889853
14.877996
14.891971
14.903469
14.893911
14.901176
14.914731
14.893863
14.899766
14.893357
14.901103
14.899158
14.885991
14.886520
14.871501
14.886911
14.882966
14.882038
14.881498
14.919696
14.913667
14.914342
14.914982
14.928452
14.951102
14.955995
14.919272
14.891528
14.911346
14.913011
14.917941
14.917812
14.916346
14.917460
14.916106
14.936025
14.940773
14.963580
14.955700
14.960265
14.936846
14.932654
14.946998
14.949423
14.961207
14.940384
14.939598
14.911535
14.903286
14.895091
14.898515
14.880210
14.891401
14.888910
14.900526
14.900272
14.911519
14.922939
14.952543
14.940653
14.930739
14.923548
14.921293
14.934352
14.951886
14.950361
14.942315
14.941855
14.935880
14.923683
14.921091
14.924110
14.910422
14.912630
14.909291
14.894149
14.911252
14.901329
14.940685
14.933588
14.915680
14.909891
14.913833
14.903830
14.907271
14.916313
14.914383
14.902643
14.907663
14.878757
14.863365
14.855533
14.856381
14.853985
14.875278
14.848949
14.848345
14.845688
14.845501
14.841655
14.840893
14.844595
14.845628
14.864699
14.872411
14.864296
14.863964
14.859208
14.867579
14.868012
14.868955
14.867609
14.862173
14.885333
14.890292
14.896731
14.894015
14.870039
14.866935
14.898759
14.900747
14.895845
14.875154
14.879705
14.868274
14.866131
14.856745
14.833501
14.835361
14.845659
14.845265
14.812549
14.810445
14.804030
14.807791
14.812430
14.819153
14.806446
14.810447
14.806667
14.806725
14.794425
14.785986
14.783728
14.783842
14.785580
14.782917
14.756392
14.767160
14.765981
14.771681
14.755423
14.751647
14.746666
14.753277
14.771433
14.775114
14.774343
14.777872
14.763615
14.766421
14.766728
14.772380
14.772273
14.773782
14.773367
14.791871
14.757491
14.780486
14.786214
14.767646
14.767874
14.761741
14.750017
14.753940
14.753974
14.758674
14.747242
14.738005
14.752374
14.758128
14.750657
14.746740
14.747332
14.765860
14.756772
14.754813
14.770494
14.771790
14.776719
14.752766
14.760393
14.749741
14.746722
14.729941
14.720499
14.728693
14.699755
14.704071
14.713648
14.713127
14.715506
14.692392
14.693750
14.719740
14.732816
14.738946
14.746048
14.752346
14.752866
14.757275
14.722556
14.729479
14.739492
14.719352
14.718910
14.738247
14.712440
14.729097
14.730460
14.726869
14.727317
14.726461
14.747451
14.743990
14.755508
14.738296
14.743277
14.748073
14.750739
14.751762
14.744274
14.772835
14.778508
14.776312
14.787798
14.801199
14.840498
14.847206
14.865772
14.857597
14.844020
14.837798
14.844335
14.844433
14.858369
14.882111
14.882473
14.929286
14.911232
14.940379
14.954467
14.996389
14.994120
14.992679
14.974215
14.952170
14.944383
14.948474
14.923188
14.921297
14.887455
14.900608
14.898051
14.926008
14.931649
14.934898
14.938045
14.939120
14.948149
14.952980
14.943915
14.956159
14.961723
14.963094
14.986158
14.985156
14.979248
14.978754
14.970665
14.972589
14.972219
14.981162
14.980125
14.975256
14.978149
14.973547
14.977694
14.977077
14.978159
14.967262
14.979618
14.988263
14.989338
14.999034
14.993044
14.992121
14.988558
14.985955
15.003902
14.996087
14.988905
14.993173
15.012774
15.005725
15.002853
14.990045
15.000553
15.011645
15.003429
15.010907
14.991881
15.003670
14.986307
14.975550
14.982715
14.979356
14.980223
14.987436
14.983370
14.994257
15.000966
15.007230
15.003370
15.007326
14.992313
15.000828
15.015012
15.005097
14.973566
14.976160
14.972300
14.979082
14.992440
14.966565
14.942724
14.958799
14.984577
14.978172
14.990164
15.003022
14.988599
14.968232
14.967583
14.973942
14.993380
14.979517
14.976995
14.966892
14.971848
14.970530
14.962053
14.965984
14.967948
14.963166
14.965181
14.943855
14.918045
14.914688
14.886605
14.866554
14.859627
14.862046
14.867443
14.871834
14.860838
14.860428
14.838301
14.823704
14.826597
14.841016
14.853298
14.849315
14.846149
14.864830
14.856302
14.845546
14.821125
14.814104
14.809684
14.808858
14.823083
14.836317
14.837485
14.845897
14.844749
14.833645
14.858960
14.881937
14.883086
14.877913
14.887970
14.890132
14.902708
14.916795
14.919691
14.905714
14.912338
14.902149
14.897748
14.904640
14.913479
14.910546
14.922750
14.961987
14.960944
14.947981
14.946634
14.934521
14.934079
14.952315
14.957889
14.950102
14.932308
14.924817
14.922262
14.933195
14.957660
14.976835
14.988966
15.016425
14.976861
14.992814
15.005095
14.985346
14.972689
14.941703
14.905249
14.910657
14.901019
14.901959
14.903510
14.900899
14.901751
14.900828
14.900186
14.902917
14.909610
14.881779
14.878458
14.893974
14.892522
14.880579
14.872874
14.824863
14.819650
14.821657
14.820813
14.818124
14.799438
14.793314
14.808268
14.810510
14.801474
14.807150
14.805625
14.804934
14.823066
14.749602
14.752820
14.736593
14.739659
14.741659
14.745694
14.773985
14.769900
14.780708
14.777058
14.765835
14.763021
14.758069
14.760526
14.760888
14.779267
14.742580
14.736943
14.724303
14.723655
14.723685
14.730598
14.729549
14.735101
14.736126
14.719227
14.729900
14.729680
14.722245
14.704929
14.705588
14.705548
14.712101
14.718330
14.697854
14.698418
14.733995
14.736972
14.751930
14.759758
14.743158
14.742864
14.746808
14.752719
14.743849
14.748445
14.735516
14.716224
14.710945
14.716238
14.719535
14.746010
14.764891
14.763338
14.759020
14.758437
14.758451
14.754456
14.759340
14.718425
14.731698
14.723891
14.729191
14.723728
14.729362
14.734967
14.726206
14.729062
14.698583
14.669563
14.670214
14.676717
14.678615
14.683106
14.694106
14.722172
14.715020
14.716767
14.687896
14.695377
14.691256
14.686891
14.689884
14.687884
14.678703
14.686489
14.704984
14.703218
14.713300
14.730038
14.706212
14.685545
14.683374
14.681116
14.696817
14.689002
14.700848
14.689020
14.692847
14.707791
14.711138
14.708660
14.676874
14.684945
14.680240
14.674234
14.666930
14.667478
14.675899
14.674608
14.672362
14.663424
14.650898
14.656045
14.652912
14.640701
14.647257
14.628339
14.644599
14.667904
14.679889
14.679836
14.686166
14.701121
14.692489
14.690655
14.692133
14.686305
14.676216
14.680044
14.682316
14.675927
14.675721
14.673433
14.682488
14.680825
14.692978
14.680584
14.681084
14.687041
14.703064
14.677060
14.680859
14.677177
14.712083
14.717062
14.708636
14.700201
14.699958
14.703506
14.703061
14.698640
14.696176
14.691766
14.684671
14.699974
14.697408
14.710028
14.687999
14.683828
14.682480
14.674156
14.670946
14.690459
14.695060
14.683400
14.681284
14.687204
14.703716
14.716532
14.726442
14.743680
14.732082
14.734402
14.724330
14.714820
14.717691
14.726024
14.734124
14.737007
14.747121
14.759289
14.723251
14.729693
14.739781
14.708509
14.729645
14.717425
14.724889
14.708112
14.664270
14.667792
14.654965
14.650764
14.655725
14.624011
14.619193
14.623640
14.618400
14.612707
14.622059
14.608256
14.606529
14.635410
14.641071
14.645181
14.638773
14.630378
14.637735
14.621815
14.622194
14.627455
14.625160
14.628343
14.643626
14.664474
14.665903
14.634156
14.649725
14.635640
14.636687
14.666713
14.676329
14.716297
14.724451
14.716862
14.749745
14.739142
14.743789
14.710900
14.718978
14.763831
14.752588
14.761450
14.775763
14.789449
14.794336
14.797487
14.798008
14.796833
14.796676
14.807531
14.796931
14.773496
14.765960
14.759792
14.733686
14.713819
14.717176
14.705444
14.702745
14.716776
14.704850
14.731163
14.727670
14.725877
14.762099
14.750475
14.744233
14.728810
14.740549
14.734791
14.733896
14.716216
14.723949
14.726188
14.724334
14.730227
14.737158
14.748040
14.754200
14.754573
14.746892
14.749499
14.749206
14.752317
14.735622
14.716934
14.737478
14.736578
14.742363
14.734081
14.716945
14.735586
14.730674
14.727104
14.748039
14.765957
14.761244
14.759600
14.753433
14.792674
14.785591
14.793848
14.795372
14.804561
14.814412
14.814229
14.791589
14.792202
14.781114
14.783208
14.775934
14.761827
14.697130
14.681588
14.670647
14.660696
14.665078
14.667327
14.663475
14.666420
14.656923
14.614483
14.620435
14.607690
14.602657
14.597273
14.608414
14.626497
14.635019
14.634273
14.635215
14.644230
14.654744
14.634431
14.639109
14.623232
14.641065
14.657869
14.653670
14.649800
14.655953
14.655853
14.616703
14.631111
14.644236
14.628854
14.642086
14.649092
14.659566
14.662372
14.659347
14.659765
14.683247
14.684180
14.672289
14.684952
14.687336
14.681123
14.673657
14.672365
14.678601
14.688231
14.696574
14.691440
14.715328
14.704352
14.719097
14.735132
14.733339
14.706814
14.676541
14.685551
14.687633
14.685273
14.688738
14.700401
14.734680
14.727078
14.700913
14.698066
14.671712
14.708149
14.722111
14.728071
14.722159
14.725020
14.733513
14.753435
14.750676
14.739725
14.736452
14.748137
14.742654
14.746950
14.749103
14.765687
14.779024
14.767405
14.783590
14.796708
14.763880
14.762694
14.754603
14.743110
14.727364
14.719124
14.720233
14.735792
14.749340
14.753835
14.752180
14.750961
14.765361
14.757913
14.762864
14.760818
14.764301
14.776156
14.776801
14.779257
14.787268
14.806478
14.839617
14.826241
14.807722
14.813601
14.836449
14.854761
14.864402
14.876914
14.894683
14.893109
14.893650
14.887264
14.888239
14.855368
14.856782
14.850869
14.856239
14.872163
14.866173
14.874741
14.856215
14.836116
14.832554
14.838812
14.841383
14.851341
14.858711
14.857789
14.824108
14.810259
14.806535
14.796242
14.816224
14.826122
14.819137
14.826863
14.825147
14.819699
14.834432
14.828347
14.834049
14.836059
14.849017
14.843079
14.803709
14.815539
14.784716
14.784195
14.793045
14.795420
14.803721
14.821596
14.824014
14.831859
14.838469
14.819798
14.806071
14.824804
14.818795
14.814289
14.795973
14.788446
14.747401
14.766844
14.775821
14.773673
14.773360
14.752663
14.740988
14.753392
14.741253
14.724956
14.721660
14.712774
14.729296
14.702212
14.701981
14.704688
14.697979
14.684966
14.675979
14.669722
14.651315
14.649977
14.652957
14.673777
14.679780
14.664158
14.656940
14.650948
14.659754
14.628889
14.617359
14.612166
14.611986
14.584378
14.586493
14.593138
14.598747
14.612771
14.608019
14.600622
14.606467
14.590305
14.570131
14.586853
14.567752
14.577340
14.577499
14.593831
14.584799
14.561295
14.585231
14.595320
14.592385
14.583815
14.579908
14.588227
14.608878
14.610911
14.628956
14.622298
14.641348
14.625226
14.611500
14.612155
14.610975
14.605398
14.616466
14.609840
14.601023
14.596459
14.608433
14.584744
14.565822
14.567829
14.588593
14.589962
14.589010
14.589018
14.602296
14.589770
14.593036
14.590010
14.597203
14.589532
14.585604
14.556464
14.559727
14.546880
14.542623
14.544588
14.548964
14.537587
14.528250
14.526975
14.514165
14.494558
14.489220
14.498038
14.499664
14.499224
14.484073
14.505565
14.503668
14.505599
14.506034
14.524412
14.529195
14.522683
14.548047
14.551239
14.561146
14.585821
14.571403
14.582451
14.578857
14.582928
14.549320
14.550355
14.548522
14.587850
14.585915
14.572413
14.561037
14.555837
14.569346
14.577360
14.565085
14.569940
14.573684
14.579323
14.585945
14.594299
14.564385
14.563755
14.543347
14.572566
14.573970
14.582841
14.569521
14.576554
14.597169
14.592738
14.606023
14.592322
14.592664
14.581936
14.591099
14.596295
14.599358
14.631649
14.633991
14.653264
14.638511
14.638457
14.637699
14.629229
14.626416
14.650662
14.650807
14.659135
14.654022
14.653139
14.665411
14.639050
14.627665
14.603142
14.658133
14.667261
14.659244
14.656336
14.657203
14.656281
14.656987
14.660040
14.677850
14.694270
14.711304
14.703015
14.697318
14.700595
14.703946
14.698013
14.661118
14.684601
14.684761
14.685481
14.698428
14.686045
14.691482
14.694855
14.696280
14.704841
14.678547
14.678212
14.670306
14.675762
14.692074
14.686549
14.706039
14.682338
14.683213
14.681627
14.685467
14.677975
14.671938
14.655527
14.664292
14.646478
14.644858
14.644686
14.634633
14.655716
14.647904
14.650092
14.646519
14.654073
14.655586
14.635913
14.638411
14.658581
14.667136
14.664284
14.660662
14.672456
14.680027
14.674411
14.686696
14.693674
14.698746
14.707635
14.711140
14.698559
14.709808
14.718820
14.731358
14.725136
14.752579
14.741573
14.746533
14.758851
14.766792
14.776145
14.781419
14.781667
14.776116
14.766490
14.763900
14.766396
14.752373
14.766069
14.761483
14.754968
14.762054
14.770050
14.766831
14.775145
14.769469
14.764491
14.771443
14.766673
14.760698
14.778250
14.779331
14.781862
14.776879
14.774524
14.793197
14.756059
14.747306
14.767349
14.737443
14.731981
14.753965
14.763395
14.771219
14.775563
14.767566
14.761654
14.740165
14.746245
14.734826
14.734810
14.720583
14.747879
14.738529
14.721977
14.764595
14.776525
14.765699
14.753501
14.750815
14.766613
14.760065
14.772171
14.769514
14.764855
14.740865
14.738960
14.748305
14.743728
14.760763
14.767309
14.759066
14.775458
14.801864
14.800323
14.830045
14.819882
14.818238
14.811809
14.813250
14.805363
14.799714
14.798927
14.785549
14.817030
14.822984
14.852038
14.863178
14.854253
14.864080
14.866730
14.846032
14.852302
14.853963
14.846474
14.857924
14.862888
14.867349
14.871817
14.869355
14.876632
14.878349
14.908772
14.910652
14.924355
14.917766
14.900744
14.888972
14.881518
14.876906
14.876742
14.901977
14.894250
14.912453
14.915165
14.911734
14.927012
14.912964
14.911852
14.910614
14.903340
14.896699
14.899797
14.912672
14.918795
14.910325
14.917733
14.917255
14.868349
14.880559
14.898287
14.885870
14.899924
14.909362
14.906815
14.920687
14.925084
14.921481
14.918560
14.899574
14.894456
14.879250
14.893648
14.904589
14.921111
14.922470
14.924397
14.937757
14.935269
14.953307
14.956507
14.973420
14.967048
14.964049
14.974223
14.928055
14.927581
14.927131
14.917068
14.920092
14.916354
14.914479
14.911473
14.906218
14.905686
14.918284
14.920612
14.922836
14.932805
14.925738
14.910198
14.902352
14.898863
14.908642
14.900060
14.894499
14.885719
14.895685
14.899239
14.885795
14.888447
14.882667
14.892657
14.878571
14.867116
14.866250
14.841744
14.835105
14.830374
14.838600
14.815472
14.823500
14.816177
14.811079
14.823452
14.817196
14.843886
14.866979
14.858583
14.872963
14.865175
14.851890
14.895000
14.896507
14.889637
14.886255
14.881765
14.883212
14.893974
14.890305
14.887853
14.871071
14.862176
14.858117
14.860212
14.877471
14.888316
14.886615
14.890330
14.872991
14.877086
14.917378
14.894660
14.895500
14.900383
14.905131
14.898578
14.883314
14.903092
14.919983
14.931081
14.939508
14.933121
14.914265
14.906903
14.908503
14.918081
14.906548
14.912652
14.886514
14.935124
14.938157
14.947147
14.951376
14.961960
14.979732
14.984495
15.011211
14.997261
15.014799
15.006614
15.011099
15.015360
15.025649
15.016873
15.006447
14.988554
15.001502
15.003076
15.012857
14.996616
14.985594
14.992927
14.998631
15.006767
14.978034
14.975473
14.966218
14.953937
14.956931
14.980714
15.014623
15.032395
15.040943
15.046907
15.064107
15.054348
15.061691
15.059447
15.056013
15.033338
15.045434
15.058253
15.046761
15.044690
15.074445
15.089098
15.091661
15.094072
15.113469
15.108476
15.122058
15.147782
15.136515
15.123892
15.120303
15.153454
15.168545
15.202371
15.194567
15.182476
15.197128
15.190977
15.191775
15.190015
15.193100
15.192795
15.195545
15.197401
15.204536
15.168157
15.166216
15.165289
15.188354
15.191288
15.172159
15.169501
15.175883
15.178960
15.182450
15.171757
15.168015
15.138626
15.122244
15.153034
15.147032
15.131800
15.119393
15.111332
15.115420
15.118672
15.141336
15.130175
15.131399
15.122142
15.144598
15.088991
15.091127
15.101354
15.129979
15.163420
15.147845
15.173600
15.176392
15.196638
15.200645
15.195525
15.204538
15.199073
15.167775
15.184322
15.167720
15.174620
15.187416
15.173854
15.167471
15.203858
15.193687
15.183875
15.203563
15.203317
15.215640
15.216266
15.215842
15.224983
15.207413
15.195184
15.194031
15.210593
15.224521
15.244828
15.259699
15.250299
15.272112
15.259148
15.241677
15.248724
15.256621
15.253952
15.232855
15.247703
15.240342
15.246586
15.262894
15.292412
15.267271
15.260349
15.269882
15.262873
15.273219
15.292198
15.292300
15.273112
15.259124
15.251040
15.288720
15.259250
15.249079
15.242754
15.266085
15.252085
15.269119
15.280310
15.275956
15.294413
15.289090
15.280227
15.264933
15.271113
15.292328
15.294123
15.310959
15.299825
15.297129
15.297444
15.293937
15.274141
15.273366
15.286476
15.283334
15.282564
15.269911
15.275019
15.274671
15.253402
15.225559
15.218625
15.201685
15.212967
15.211201
15.192802
15.207683
15.201167
15.190445
15.187485
15.160940
15.161717
15.133317
15.125443
15.136073
15.144073
15.168740
15.161774
15.168501
15.142266
15.117073
15.159359
15.147414
15.125050
15.128845
15.121517
15.102625
15.097898
15.072090
15.061730
15.042466
15.062213
15.067972
15.094236
15.083031
15.083810
15.078518
15.071113
15.085076
15.065899
15.059094
15.035422
15.042500
15.029855
15.028435
15.033599
15.019167
15.021462
15.038526
15.034745
15.045531
15.021471
15.018595
15.006744
15.004659
15.037047
15.036309
15.052141
15.063691
15.045452
15.053787
15.058387
15.039452
15.051199
15.039920
15.046618
15.047856
15.055644
15.051001
15.051241
15.053245
15.057163
15.045130
15.077389
15.099940
15.130830
15.131554
15.133391
15.117306
15.116745
15.148408
15.136545
15.149830
15.146137
15.166319
15.178461
15.184699
15.209209
15.199164
15.192285
15.174054
15.155086
15.163800
15.161257
15.164514
15.161626
15.155694
15.153232
15.173619
15.179805
15.185413
15.190299
15.188391
15.190934
15.174954
15.159182
15.154747
15.147001
15.168541
15.176520
15.177801
15.178895
15.167399
15.171776
15.167416
15.136474
15.143636
15.162087
15.165647
15.179799
15.175880
15.162611
15.176229
15.174978
15.140503
15.134987
15.177823
15.175864
15.178524
15.153888
15.155254
15.191677
15.198654
15.200796
15.196290
15.200647
15.209213
15.217486
15.209203
15.200776
15.219484
15.201832
15.206046
15.203944
15.229148
15.234237
15.240693
15.241135
15.237561
15.234368
15.259407
15.273341
15.264317
15.276878
15.282060
15.260595
15.266525
15.283390
15.287321
15.277550
15.271770
15.291148
15.287843
15.265130
15.244807
15.235223
15.245479
15.221785
15.200327
15.205210
15.152236
15.163449
15.166201
15.129354
15.136408
15.134789
15.145307
15.169187
15.190460
15.213748
15.210625
15.214721
15.215054
15.213404
15.208836
15.203297
15.198858
15.210532
15.213090
15.222948
15.208283
15.213836
15.219459
15.227190
15.239230
15.243452
15.231709
15.237178
15.219990
15.221036
15.202261
15.206826
15.201551
15.222050
15.212078
15.222566
15.225402
15.219736
15.263183
15.260756
15.256827
15.258042
15.253457
15.258229
15.257973
15.263442
15.258218
15.253487
15.260225
15.253531
15.287217
15.250676
15.238522
15.253620
15.282676
15.279308
15.258782
15.248487
15.247225
15.251334
15.243491
15.241999
15.239689
15.265949
15.278845
15.261056
15.228277
15.239570
15.246098
15.241680
15.238457
15.237130
15.242115
15.250766
15.271023
15.269444
15.301903
15.305744
15.300254
15.304025
15.284641
15.277241
15.281895
15.299608
15.310793
15.301952
15.303245
15.279550
15.283677
15.288498
15.301949
15.290643
15.282512
15.293151
15.291986
15.300727
15.260671
15.285428
15.287078
15.282655
15.335353
15.337154
15.339382
15.334220
15.331280
15.319965
15.327457
15.329088
15.344849
15.306229
15.311843
15.288276
15.277382
15.285136
15.288447
15.274167
15.282007
15.278310
15.267732
15.265908
15.264627
15.288660
15.298668
15.300198
15.329429
15.317477
15.310718
15.327094
15.330250
15.335167
15.314803
15.308355
15.318133
15.336634
15.316964
15.337159
15.343947
15.340968
15.350308
15.355225
15.391770
15.382657
15.365446
15.368065
15.393244
15.384554
15.431211
15.431739
15.425055
15.427994
15.445343
15.439561
15.430428
15.438400
15.444513
15.423595
15.420243
15.421310
15.415141
15.400929
15.395227
15.379623
15.413242
15.442233
15.462347
15.466620
15.462732
15.451303
15.461725
15.464887
15.456189
15.464776
15.470157
15.472550
15.464482
15.478546
15.491339
15.470151
15.483506
15.483493
15.478189
15.469614
15.455095
15.459736
15.453318
15.455416
15.462432
15.450044
15.453628
15.446284
15.467031
15.472601
15.491910
15.533660
15.533936
15.525471
15.545565
15.549280
15.539981
15.544976
15.547559
15.531098
15.529048
15.520855
15.518130
15.520151
15.521363
15.517495
15.504364
15.517212
15.493509
15.494228
15.494219
15.467230
15.445346
15.455347
15.456351
15.448699
15.435208
15.405714
15.396336
15.396044
15.376237
15.364989
15.366930
15.391580
15.367089
15.367447
15.376598
15.386728
15.383421
15.395535
15.392438
15.430814
15.436659
15.422482
15.445083
15.455083
15.445475
15.409386
15.429428
15.479143
15.488163
15.497700
15.499751
15.496762
15.475101
15.476557
15.471175
15.483843
15.484966
15.487655
15.459202
15.444031
15.442778
15.457594
15.474688
15.508272
15.518802
15.506141
15.529665
15.529988
15.542896
15.548763
15.555136
15.542984
15.537914
15.544846
15.568868
15.587018
15.574835
15.583915
15.585909
15.586020
15.577535
15.571654
15.576401
15.564975
15.564668
15.562188
15.542898
15.546555
15.539889
15.517011
15.513219
15.529635
15.505280
15.473253
15.473316
15.477677
15.478032
15.440894
15.449901
15.448131
15.458073
15.458391
15.468767
15.497074
15.485610
15.488880
15.484711
15.475807
15.464303
15.462620
15.442652
15.472808
15.467646
15.445090
15.442893
15.453662
15.434437
15.416886
15.391738
15.390953
15.375274
15.363416
15.352516
15.363884
15.354613
15.314236
15.350311
15.391681
15.396433
15.400346
15.379916
15.377983
15.376052
15.388513
15.410238
15.378705
15.345515
15.358689
15.345521
15.363429
15.408058
15.419346
15.421323
15.420227
15.434965
15.407164
15.394970
15.379444
15.391513
15.388287
15.376644
15.371577
15.373231
15.373714
15.422111
15.416187
15.424343
15.437396
15.438832
15.442843
15.452832
15.455178
15.457538
15.480698
15.483575
15.474215
15.466571
15.481239
15.480374
15.462310
15.461738
15.465598
15.476993
15.477490
15.476477
15.479255
15.480187
15.483100
15.490060
15.470331
15.485646
15.457781
15.457949
15.453626
15.457988
15.464994
15.462943
15.464710
15.494305
15.489861
15.483794
15.493097
15.491645
15.473616
15.465491
15.418863
15.430908
15.391654
15.419705
15.455854
15.465712
15.467468
15.497514
15.494258
15.498346
15.498295
15.474747
15.470936
15.465138
15.422555
15.427561
15.408693
15.422847
15.425319
15.426624
15.451609
15.433442
15.437772
15.461542
15.453383
15.447265
15.453965
15.472858
15.463793
15.470045
15.461979
15.460227
15.480304
15.446434
15.441994
15.445151
15.425118
15.440070
15.419240
15.422196
15.469046
15.486812
15.514346
15.542050
15.511499
15.479581
15.474665
15.455362
15.439391
15.433762
15.411915
15.430993
15.435058
15.437970
15.442065
15.468905
15.456227
15.426220
15.427331
15.419471
15.425100
15.424681
15.468313
15.472198
15.484499
15.490560
15.506471
15.509904
15.496677
15.495677
15.505403
15.472059
15.474151
15.482789
15.486176
15.494094
15.492666
15.489807
15.505348
15.470066
15.467636
15.469431
15.428932
15.435384
15.395166
15.424629
15.422637
15.433532
15.435744
15.459686
15.463595
15.469260
15.477839
15.460793
15.458664
15.455258
15.414592
15.402927
15.389382
15.362188
15.344807
15.345348
15.321183
15.317102
15.315768
15.343362
15.325204
15.320720
15.318767
15.314015
15.315514
15.312790
15.321820
15.325751
15.351062
15.375172
15.364756
15.378060
15.374589
15.403312
15.429292
15.424654
15.405075
15.446528
15.459246
15.455540
15.444580
15.440347
15.442313
15.453132
15.465962
15.482608
15.485357
15.476040
15.488351
15.471465
15.459234
15.460841
15.475264
15.475551
15.473780
15.461182
15.478857
15.448795
15.460271
15.499458
15.496299
15.496289
15.503444
15.492160
15.501223
15.488134
15.490516
15.498269
15.496369
15.498583
15.488887
15.496117
15.500370
15.492492
15.468110
15.461573
15.452749
15.450370
15.441472
15.439451
15.440655
15.443748
15.450556
15.421579
15.426454
15.420246
15.407628
15.428234
15.414132
15.417143
15.416796
15.409793
15.424681
15.422806
15.431174
15.435191
15.440810
15.409518
15.404332
15.384886
15.384495
15.398716
15.400291
15.408963
15.379850
15.392178
15.386301
15.404272
15.421956
15.404856
15.401846
15.441310
15.419831
15.420138
15.426178
15.383069
15.406564
15.399012
15.401853
15.405303
15.404765
15.387189
15.389023
15.398204
15.378841
15.351319
15.345637
15.350362
15.364723
15.365326
15.367107
15.361307
15.385904
15.381735
15.372031
15.372543
15.398366
15.393209
15.389345
15.396096
15.380282
15.394569
15.409776
15.413473
15.394704
15.398187
15.400312
15.413877
15.450397
15.456462
15.452020
15.416291
15.435163
15.451291
15.438488
15.433825
15.428899
15.490238
15.502659
15.512101
15.504474
15.490631
15.482827
15.443089
15.457559
15.463842
15.459904
15.483391
15.477463
15.487855
15.477745
15.482112
15.477174
15.521068
15.520598
15.522846
15.534979
15.547089
15.545984
15.532957
15.540777
15.535521
15.530038
15.508069
15.506949
15.539148
15.548450
15.525827
15.541082
15.555054
15.540374
15.541680
15.558681
15.581897
15.581400
15.588838
15.582626
15.556087
15.557518
15.562337
15.547340
15.526662
15.530485
15.525750
15.544905
15.543027
15.529374
15.549852
15.535974
15.548570
15.521658
15.515210
15.505682
15.515126
15.556307
15.545753
15.559758
15.555844
15.558665
15.573095
15.540376
15.527559
15.513270
15.513223
15.512658
15.511721
15.502161
15.503161
15.510420
15.515354
15.528022
15.527646
15.516881
15.530486
15.525665
15.521677
15.497652
15.472730
15.476380
15.491761
15.484343
15.480661
15.468727
15.466575
15.466051
15.463768
15.462620
15.491213
15.441191
15.467085
15.472418
15.472678
15.472705
15.477324
15.494874
15.505164
15.525564
15.558132
15.583018
15.587264
15.601163
15.606316
15.617791
15.627512
15.637829
15.642422
15.636292
15.630920
15.617874
15.610727
15.585551
15.598486
15.607626
15.574786
15.583804
15.601939
15.599383
15.597195
15.597912
15.593295
15.591744
15.557424
15.546252
15.546567
15.546094
15.543297
15.554126
15.564231
15.574111
15.574804
15.576576
15.598468
15.596570
15.631008
15.595109
15.570071
15.577478
15.609441
15.616298
15.611109
15.589607
15.590463
15.587892
15.609255
15.596416
15.558274
15.560479
15.577321
15.583530
15.563914
15.542458
15.559622
15.578890
15.563239
15.575759
15.586420
15.601994
15.594267
15.595081
15.612855
15.594230
15.602853
15.596958
15.597235
15.604912
15.601632
15.600933
15.603115
15.597201
15.608072
15.617715
15.630830
15.624626
15.649983
15.669263
15.677611
15.678878
15.670427
15.675240
15.653502
15.650188
15.651095
15.652361
15.641134
15.662530
15.685410
15.649770
15.671032
15.674626
15.696212
15.664491
15.662851
15.660315
15.663349
15.666230
15.683244
15.679906
15.706538
15.701032
15.681238
15.685590
15.686856
15.691161
15.650148
15.700181
15.711379
15.701013
15.687227
15.694134
15.676235
15.656986
15.676102
15.662336
15.642908
15.603251
15.614670
15.639267
15.651666
15.653374
15.660350
15.697329
15.676537
15.702411
15.703032
15.708032
15.722967
15.672718
15.717080
15.770165
15.761500
15.738678
15.734189
15.733682
15.742574
15.771441
15.747082
15.764270
15.772178
15.772136
15.778912
15.761449
15.751712
15.752687
15.754017
15.762889
15.698343
15.694641
15.710588
15.708976
15.711243
15.722185
15.747906
15.773769
15.776776
15.756466
15.780953
15.775464
15.780863
15.776120
15.777444
15.774569
15.771628
15.796092
15.786311
15.784463
15.795537
15.777212
15.801165
15.827405
15.792227
15.777062
15.809827
15.803184
15.798909
15.810100
15.812506
15.817674
15.808847
15.794618
15.820213
15.834512
15.816723
15.811705
15.810906
15.828318
15.825148
15.862482
15.866920
15.885579
15.882625
15.847346
15.844161
15.844262
15.817142
15.808696
15.809714
15.809800
15.795712
15.776879
15.780761
15.782047
15.757326
15.764000
15.836148
15.819025
15.797468
15.808670
15.808959
15.833830
15.837004
15.858920
15.822613
15.828133
15.832503
15.831706
15.830782
15.835419
15.833530
15.855847
15.851045
15.853234
15.844697
15.857890
15.863933
15.834422
15.833153
15.814828
15.812147
15.811678
15.791470
15.751009
15.732082
15.719114
15.723612
15.710125
15.726612
15.738183
15.745688
15.749668
15.736291
15.743193
15.741646
15.728511
15.738481
15.739739
15.758912
15.769158
15.788245
15.791457
15.794901
15.798562
15.803483
15.812929
15.830744
15.869102
15.891253
15.886552
15.898252
15.922448
15.920771
15.919355
15.916277
15.909229
15.921607
15.909844
15.930996
15.947399
15.944660
15.966955
15.985591
15.981458
15.982968
15.981720
15.978421
16.009611
15.989453
16.022068
16.038316
16.027706
16.029230
16.042961
16.059705
16.056633
16.055432
16.051360
16.032258
16.050720
16.045593
16.056831
16.079294
16.075460
16.086902
16.093107
16.083117
16.074728
16.081548
16.064181
16.047886
16.075008
16.081513
16.075458
16.067632
16.079729
16.073162
16.092980
16.048098
16.060779
16.076568
16.077503
16.076157
16.075505
16.074069
16.108706
16.093769
16.099309
16.120517
16.077521
16.117005
16.125659
16.127668
16.122755
16.128766
16.125745
16.128379
16.127977
16.117138
16.124878
16.133386
16.130415
16.143763
16.129311
16.134247
16.093456
16.061727
16.061583
16.070070
16.042334
16.027548
16.050384
16.019257
16.013539
16.033132
16.026017
16.024065
16.032501
16.048861
16.075620
16.056000
16.048623
16.041537
16.032433
16.085058
16.136465
16.129078
16.156169
16.149470
16.145175
16.134963
16.093602
16.096156
16.096044
16.110655
16.110564
16.119200
16.085906
16.076165
16.076402
16.069906
16.077403
16.073163
16.063192
16.029426
16.003256
15.999686
15.999172
16.035193
16.039011
16.029886
16.069061
16.072162
16.076849
16.064027
16.071339
16.066176
16.056731
16.034814
16.025316
16.031367
16.040170
16.018154
16.023323
16.015806
16.045376
16.046312
16.007526
16.015843
15.995734
15.981862
15.968336
15.954418
15.943719
15.937527
15.944826
15.945588
15.954872
15.954964
15.942231
15.946391
15.921193
15.931396
15.911556
15.888725
15.892092
15.882684
15.883320
15.886076
15.936661
15.956772
15.957431
15.893154
15.942291
15.944474
15.944453
15.896218
15.925064
15.911767
15.950070
15.938001
15.939934
15.941815
15.975100
15.955777
15.984705
15.982620
15.960244
15.966321
15.978876
15.973093
15.948469
15.986807
15.991196
15.988468
16.000236
16.011204
16.009794
16.019883
16.032625
16.072729
16.081236
16.093676
16.067358
16.081018
16.097310
16.115410
16.117267
16.099141
16.090702
16.079172
16.103478
16.096229
16.091718
16.105410
16.104544
16.141382
16.144342
16.145039
16.144207
16.135637
16.158184
16.162250
16.164889
16.168879
16.125799
16.128757
16.138314
16.135989
16.125553
16.156836
16.183216
16.179831
16.185815
16.189995
16.236237
16.255258
16.261404
16.264745
16.276582
16.240255
16.234682
16.199682
16.205264
16.217821
16.217855
16.230662
16.237156
16.238582
16.235774
16.255223
16.264046
16.281439
16.270003
16.258410
16.260756
16.242290
16.246053
16.256265
16.240054
16.237601
16.243587
16.240209
16.245349
16.199896
16.192240
16.225931
16.250387
16.252284
16.228763
16.232303
16.263349
16.239462
16.242275
16.232713
16.252333
16.245184
16.269124
16.272573
16.285619
16.286614
16.289720
16.270680
16.261748
16.272407
16.291252
16.288254
16.272838
16.261825
16.258463
16.283965
16.284918
16.273450
16.264434
16.273839
16.247542
16.266873
16.258188
16.226356
16.234232
16.231503
16.220855
16.197200
16.164788
16.165265
16.161546
16.188907
16.216786
16.225273
16.216802
16.184970
16.195596
16.187253
16.150485
16.151785
16.137708
16.153693
16.164674
16.147095
16.135421
16.134777
16.150694
16.145314
16.152170
16.146775
16.133895
16.140603
16.138694
16.138043
16.141381
16.147770
16.144751
16.149062
16.120019
16.128572
16.153911
16.145278
16.152242
16.162572
16.143816
16.091318
16.086917
16.107674
16.066176
16.060609
16.058473
16.044156
16.048101
16.049420
16.066729
16.057797
16.048232
16.047238
16.043113
16.058564
16.062716
16.049557
16.068761
16.039818
16.039016
16.084722
16.094484
16.085641
16.107721
16.109112
16.101205
16.109746
16.102343
16.096717
16.107186
16.107033
16.109022
16.114109
16.084832
16.099842
16.074217
16.095986
16.094156
16.095285
16.100676
16.081794
16.091796
16.102123
16.105160
16.113157
16.129611
16.125638
16.130834
16.123071
16.112616
16.116481
16.115195
16.098836
16.072363
16.082562
16.088446
16.104054
16.114279
16.107653
16.111520
16.119055
16.118773
16.115807
16.115688
16.122061
16.160888
16.177114
16.151002
16.150750
16.169441
16.177556
16.160188
16.157173
16.130717
16.092946
16.110996
16.101655
16.081581
16.094283
16.077536
16.044127
16.055927
16.067754
16.050851
16.058981
16.059963
16.033551
16.012589
16.008983
16.007870
16.074775
16.085565
16.120741
16.126548
16.111104
16.136473
16.128233
16.140744
16.172651
16.161819
16.187007
16.169779
16.181698
16.213026
16.276043
16.268081
16.282581
16.271582
16.303602
16.307090
16.300291
16.291247
16.299393
16.321079
16.313364
16.323205
16.329084
16.328987
16.328170
16.370704
16.378544
16.398427
16.358742
16.338764
16.340094
16.349629
16.341203
16.329356
16.315863
16.313804
16.315732
16.312194
16.341384
16.359119
16.358491
16.350207
16.324613
16.302296
16.273776
16.281104
16.283343
16.282745
16.277198
16.288376
16.280681
16.256434
16.273517
16.268452
16.252723
16.265568
16.286483
16.253539
16.244793
16.227221
16.209910
16.202722
16.199169
16.200068
16.191529
16.198903
16.174499
16.180680
16.197072
16.194462
16.176004
16.167060
16.168696
16.179156
16.191480
16.189785
16.185919
16.213022
16.207605
16.226915
16.229242
16.215323
16.246172
16.248377
16.246386
16.256196
16.247121
16.260314
16.272658
16.276377
16.247174
16.236488
16.230364
16.243207
16.218217
16.222058
16.231561
16.209373
16.171555
16.175298
16.179879
16.199317
16.184112
16.178092
16.132055
16.124091
16.094901
16.116245
16.122916
16.113658
16.105867
16.150680
16.129749
16.142748
16.124028
16.093428
16.082027
16.086419
16.097912
16.106073
16.098957
16.101806
16.121022
16.123431
16.125018
16.118130
16.127860
16.120951
16.129867
16.119650
16.110442
16.104114
16.085599
16.061730
16.104093
16.092956
16.043380
16.059232
16.044215
16.032015
16.031315
16.030565
16.030810
16.045604
16.052231
16.054351
16.065178
16.083058
16.068575
16.051660
16.036234
16.039068
16.024897
16.012099
15.973924
15.959687
15.881757
15.888969
15.870212
15.885544
15.883258
15.891075
15.880937
15.872915
15.881287
15.875285
15.894175
15.904603
15.906922
15.904253
15.905595
15.904384
15.906922
15.908787
15.877538
15.913582
15.931074
15.952112
15.958890
15.949907
15.942403
15.944393
15.950504
15.980903
15.963815
15.961947
15.997368
15.994039
15.989210
15.985008
15.987757
15.973160
15.991201
15.988398
15.992136
15.988758
15.995222
16.004558
16.000690
16.004372
15.997396
16.053957
16.052109
16.045553
16.025322
16.024338
16.041605
16.036684
16.032289
16.033223
16.051861
16.034313
16.035888
16.032902
16.019328
16.013651
15.995786
15.962137
15.960344
15.953295
15.935232
15.938294
15.945132
15.945654
15.951143
15.957374
15.964892
15.961325
15.953741
15.952119
15.949431
15.958524
15.952574
15.955815
15.955913
15.920876
15.893242
15.898552
15.884498
15.869118
15.880277
15.843235
15.847455
15.866275
15.872537
15.827256
15.825929
15.801370
15.772507
15.755010
15.750129
15.751769
15.750608
15.727839
15.752870
15.753471
15.781628
15.798864
15.814381
15.805733
15.796592
15.811509
15.798069
15.784721
15.779821
15.794913
15.799835
15.825515
15.827669
15.835403
15.859331
15.852193
15.845702
15.828168
15.811767
15.810138
15.817480
15.821521
15.784457
15.796246
15.808079
15.802179
15.808418
15.809144
15.798463
