16.794252
16.800581
16.805531
16.815693
16.807598
16.826463
16.816690
16.838740
16.830973
16.833731
16.834593
16.822018
16.816617
16.819463
16.810401
16.829498
16.820908
16.815304
16.833651
16.790230
16.790286
16.786132
16.789109
16.785655
16.805372
16.818256
16.822154
16.818865
16.831683
16.836346
16.877313
16.884829
16.883298
16.853187
16.849751
16.855286
16.883027
16.868394
16.863901
16.874590
16.861326
16.880166
16.872830
16.889786
16.863104
16.835644
16.834524
16.826878
16.807538
16.773641
16.749452
16.765854
16.776553
16.757118
16.755565
16.746801
16.721751
16.715929
16.727113
16.738651
16.731988
16.763594
16.745170
16.715383
16.682781
16.716751
16.717863
16.724953
16.721538
16.704623
16.738270
16.742818
16.753686
16.739929
16.760011
16.746000
16.736016
16.744922
16.755926
16.752712
16.762828
16.757038
16.741373
16.742836
16.757642
16.757289
16.738865
16.749474
16.769826
16.792714
16.807198
16.795570
16.785584
16.790169
16.775848
16.765639
16.759910
16.752899
16.766897
16.754333
16.791959
16.800394
16.786460
16.759644
16.756765
16.734980
16.746399
16.737440
16.737076
16.724492
16.709717
16.704454
16.742332
16.762676
16.766134
16.738794
16.736112
16.724876
16.738526
16.735576
16.736157
16.752817
16.775927
16.720989
16.745605
16.750223
16.723073
16.701094
16.702580
16.696280
16.646905
16.640142
16.623865
16.616825
16.609321
16.620722
16.576727
16.558671
16.566387
16.545768
16.541566
16.536131
16.564981
16.565447
16.573761
16.597630
16.599774
16.585236
16.588087
16.597592
16.623326
16.624247
16.630970
16.644702
16.641787
16.629946
16.635725
16.639107
16.669597
16.654593
16.673278
16.677489
16.666506
16.677274
16.674866
16.669796
16.683857
16.671850
16.674792
16.666783
16.674468
16.672561
16.667450
16.673973
16.662970
16.673955
16.697520
16.686333
16.689843
16.699540
16.730835
16.759939
16.782113
16.796141
16.790425
16.782727
16.763991
16.800512
16.791943
16.754312
16.764264
16.776273
16.767954
16.762887
16.784272
16.790330
16.787067
16.773197
16.788331
16.790584
16.784110
16.778064
16.810544
16.792811
16.758224
16.720902
16.711180
16.728810
16.728406
16.725875
16.751893
16.754337
16.751338
16.754155
16.736326
16.731794
16.739300
16.747755
16.744393
16.759360
16.719436
16.774427
16.759855
16.749216
16.737474
16.743827
16.732592
16.727651
16.771561
16.765665
16.784487
16.783255
16.758803
16.760208
16.765696
16.751677
16.757192
16.727081
16.764172
16.734559
16.709572
16.694022
16.662931
16.648616
16.641681
16.631350
16.639685
16.649549
16.646592
16.640051
16.624689
16.640640
16.626492
16.639932
16.645278
16.639477
16.597550
16.603119
16.575334
16.559340
16.558084
16.549757
16.542943
16.548742
16.562835
16.559845
16.576463
16.577527
16.561211
16.557140
16.530009
16.522798
16.517433
16.526760
16.519183
16.526810
16.533670
16.541690
16.565766
16.576013
16.612059
16.624350
16.612482
16.607340
16.592424
16.588409
16.588762
16.576063
16.589138
16.579717
16.569916
16.588137
16.594288
16.602057
16.593109
16.589480
16.597536
16.606053
16.620237
16.588041
16.610002
16.588694
16.617058
16.615358
16.584071
16.543761
16.542931
16.550211
16.537540
16.540466
16.555133
16.536433
16.532574
16.513157
16.517715
16.516842
16.508522
16.486632
16.486311
16.481976
16.500551
16.514115
16.475899
16.458795
16.435848
16.447169
16.445303
16.445805
16.442671
16.451953
16.438317
16.440696
16.434767
16.432486
16.447534
16.428619
16.453116
16.438903
16.451138
16.483773
16.531064
16.543909
16.512841
16.523156
16.488148
16.503238
16.515872
16.483135
16.481164
16.481611
16.473946
16.462868
16.465636
16.460325
16.474573
16.449326
16.481735
16.486072
16.508619
16.527988
16.532985
16.548857
16.561664
16.536675
16.543309
16.547117
16.607370
16.599304
16.590541
16.605658
16.616519
16.606772
16.604281
16.601924
16.594372
16.588313
16.573315
16.581022
16.573748
16.599669
16.617345
16.645097
16.648776
16.672398
16.664606
16.672291
16.645511
16.653234
16.650541
16.643558
16.641813
16.654957
16.659633
16.676813
16.655599
16.700272
16.717411
16.748832
16.758531
16.789151
16.780456
16.802366
16.807398
16.800314
16.819618
16.784593
16.793265
16.792294
16.781406
16.784656
16.790635
16.782313
16.783262
16.783140
16.805902
16.819803
16.825654
16.856370
16.860197
16.834345
16.842476
16.851330
16.853177
16.851910
16.820019
16.818818
16.802225
16.800952
16.815230
16.779994
16.772242
16.767172
16.776915
16.780774
16.792978
16.823322
16.822127
16.834352
16.827863
16.828678
16.848511
16.834922
16.864808
16.878972
16.903521
16.886334
16.853898
16.861108
16.848446
16.848324
16.851862
16.853730
16.867234
16.915187
16.928497
16.922980
16.921944
16.924930
16.924936
16.923979
16.905151
16.911667
16.921290
16.975737
16.961204
16.960229
16.954433
16.961554
16.982114
16.988944
16.974639
16.953202
16.970386
16.957559
16.941750
16.943732
16.963021
16.960738
16.977548
16.959915
16.979244
16.993263
16.974462
16.963668
16.960409
16.953925
16.906199
16.903298
16.908589
16.910760
16.887725
16.909663
16.914093
16.921902
16.900381
16.874454
16.885478
16.915953
16.921384
16.927245
16.897798
16.879557
16.857842
16.856570
16.842416
16.852776
16.848899
16.825982
16.833435
16.849498
16.845715
16.857999
16.853927
16.896291
16.891109
16.905108
16.929872
16.940614
16.949845
16.948776
16.937732
16.911793
16.910248
16.897882
16.890978
16.875501
16.876964
16.858989
16.844264
16.842931
16.811923
16.809190
16.822171
16.821389
16.851414
16.869231
16.866214
16.862284
16.899400
16.904532
16.908141
16.940276
16.938822
16.908885
16.903688
16.872683
16.866343
16.899218
16.904256
16.838217
16.860541
16.863985
16.878738
16.880040
16.910366
16.909949
16.913860
16.912864
16.900718
16.928593
16.927220
16.927094
16.961948
16.938781
16.936761
16.933395
16.925917
16.915766
16.918207
16.923905
16.918894
16.935118
16.929103
16.917815
16.936898
16.930712
16.907534
16.915066
16.906759
16.925594
16.918956
16.927095
16.927011
16.916776
16.931377
16.947936
16.937369
16.965690
16.967378
16.983089
16.973857
16.963338
16.932179
16.930506
16.932292
16.951302
16.941747
16.945609
16.896070
16.884352
16.896459
16.892225
16.895351
16.902205
16.908770
16.890946
16.876427
16.879234
16.897558
16.907094
16.918538
16.924771
16.926557
16.935768
16.897379
16.907899
16.901953
16.893593
16.899038
16.899536
16.918059
16.936275
16.940746
16.916951
16.923249
16.911442
16.892907
16.897664
16.851865
16.858566
16.828947
16.826176
16.821161
16.800016
16.820055
16.826821
16.852429
16.879033
16.900096
16.890637
16.886553
16.889583
16.886606
16.893779
16.888511
16.853453
16.864609
16.884938
16.878333
16.847294
16.829508
16.838138
16.851420
16.857902
16.844668
16.850650
16.870919
16.891447
16.864357
16.848687
16.844249
16.816829
16.821840
16.810791
16.801372
16.803193
16.807803
16.781771
16.780957
16.784203
16.779697
16.785228
16.785014
16.819841
16.836785
16.835401
16.835875
16.872432
16.883744
16.893182
16.907622
16.883395
16.900628
16.890352
16.896906
16.905980
16.898900
16.880309
16.875908
16.896530
16.905685
16.917754
16.955807
16.961841
16.967460
16.957038
16.949186
16.966166
16.944435
16.969471
16.972244
16.974573
16.938752
16.950991
16.955351
16.959534
16.960123
16.964901
16.973984
16.970233
16.969306
16.967525
16.957374
16.964305
16.954993
16.958202
16.933134
16.924280
16.932729
16.959633
16.961846
16.958897
16.918096
16.929030
16.879152
16.873145
16.858979
16.842500
16.805072
16.814197
16.792821
16.800116
16.801586
16.826987
16.827551
16.837949
16.842056
16.870003
16.919747
16.909487
16.902370
16.900901
16.912005
16.952775
16.965609
16.952151
16.943920
16.929126
16.921933
16.922670
16.916985
16.918382
16.905874
16.904166
16.924008
16.918012
16.946095
16.955111
16.956830
16.958722
16.953009
16.917205
16.930271
16.957758
16.958372
16.973311
16.978304
16.973303
16.990702
16.989309
16.979904
16.985712
16.985516
16.978377
16.998359
17.012784
16.991141
17.003647
17.006605
17.007108
17.006298
16.952452
16.943528
16.982091
16.982429
16.971020
16.980470
16.973816
16.924828
16.927777
16.924025
16.916057
16.887768
16.866437
16.846962
16.850329
16.848325
16.851311
16.839778
16.836576
16.821994
16.795723
16.798838
16.804931
16.792333
16.805067
16.823430
16.850223
16.862488
16.839601
16.843600
16.877141
16.894320
16.895804
16.851759
16.861253
16.859535
16.849022
16.832845
16.839836
16.835237
16.835002
16.816455
16.787232
16.826231
16.828513
16.840849
16.840878
16.872766
16.882760
16.848843
16.843206
16.867092
16.874498
16.844766
16.850301
16.877378
16.894658
16.880063
16.870018
16.879183
16.874111
16.879156
16.874443
16.849521
16.849808
16.863321
16.867355
16.867709
16.875091
16.873525
16.878816
16.880990
16.857022
16.868251
16.876186
16.877823
16.878547
16.869390
16.840198
16.833441
16.829169
16.843362
16.842156
16.837623
16.845643
16.864586
16.829109
16.834819
16.893451
16.918596
16.910532
16.928424
16.915076
16.959317
16.948812
16.945582
16.914701
16.889760
16.889355
16.916462
16.928469
16.939532
16.952944
16.938292
16.921532
16.938190
16.949308
16.979258
16.942970
16.963702
16.971848
16.970191
16.947302
16.952649
16.978374
17.002085
16.987119
16.990985
17.009022
16.995587
17.007852
17.008228
17.007306
17.001132
16.985338
16.987951
16.995210
16.970201
16.990671
17.015283
16.986109
16.994743
17.037646
17.023211
17.001348
16.969580
16.982453
17.012887
17.024557
16.943424
16.907483
16.876871
16.895181
16.912529
16.894444
16.935966
16.938085
16.924810
16.911262
16.916456
16.902937
16.883194
16.872700
16.861812
16.881322
16.894415
16.952397
16.941989
16.941051
16.941744
16.950527
16.946248
16.951034
16.959170
16.950072
16.943459
16.929483
16.934692
16.940529
16.928830
16.945069
16.940280
16.943487
16.934167
16.947466
16.957771
16.937712
16.940815
16.944718
16.962706
16.971722
16.963635
16.961874
16.964837
16.991467
17.008505
17.026755
17.022884
17.059140
17.050349
17.024091
17.034149
17.046999
17.057313
17.050514
17.034063
17.037382
17.019574
17.037329
17.053675
17.065834
17.058146
17.065432
17.042739
17.034419
17.032889
17.002001
16.981271
17.004035
16.998177
17.015933
17.011724
17.028214
16.982249
16.989494
17.013504
17.010300
17.030529
17.030070
17.055631
17.049424
17.058493
17.055427
17.067606
17.084351
17.088250
17.085275
17.070444
17.079665
17.079493
17.087952
17.118732
17.149678
17.142396
17.162541
17.185831
17.187806
17.191406
17.181107
17.189174
17.185451
17.191096
17.200705
17.174475
17.165375
17.156293
17.155083
17.174555
17.160117
17.186861
17.189625
17.195552
17.200392
17.185734
17.195135
17.174198
17.150364
17.150800
17.165499
17.174100
17.187378
17.203324
17.195449
17.208363
17.222409
17.191715
17.179701
17.186741
17.143940
17.148855
17.142856
17.151585
17.154225
17.117587
17.142836
17.177987
17.189066
17.193284
17.171349
17.206795
17.230909
17.219314
17.206709
17.189087
17.201178
17.203314
17.194066
17.182985
17.198079
17.221718
17.197299
17.190106
17.197702
17.162959
17.132687
17.130177
17.090830
17.092227
17.123222
17.120863
17.132938
17.139391
17.144020
17.141040
17.148347
17.139718
17.155944
17.187567
17.138299
17.158680
17.150391
17.150363
17.170561
17.196922
17.181718
17.150834
17.207901
17.216305
17.211305
17.228783
17.271674
17.266732
17.242616
17.248241
17.268059
17.283122
17.290542
17.274047
17.263163
17.285318
17.322237
17.316162
17.318885
17.347194
17.352211
17.347354
17.345542
17.341208
17.335495
17.338614
17.329970
17.312679
17.323416
17.328187
17.322236
17.312112
17.311887
17.299444
17.298827
17.249747
17.245215
17.213049
17.220567
17.206349
17.202421
17.198652
17.202717
17.214337
17.220720
17.197598
17.149516
17.122173
17.116348
17.081407
17.060860
17.033376
17.046149
17.052648
17.077721
17.077067
17.056503
17.062190
17.064416
17.036237
17.035950
17.043082
17.048168
17.079627
17.059730
17.053003
17.075440
17.070748
17.080722
17.091777
17.079843
17.049066
17.048945
17.058628
16.987723
16.996218
17.014141
17.005297
16.971104
16.975358
16.945092
16.939319
16.893831
16.886890
16.879415
16.882644
16.876717
16.885652
16.911638
16.916521
16.923438
16.908880
16.929512
16.911734
16.926989
16.924410
16.929566
16.908876
16.895257
16.907767
16.920937
16.936197
16.972762
16.923520
16.905331
16.925164
16.921187
16.891319
16.898501
16.882901
16.849816
16.855105
16.871802
16.855336
16.867530
16.863477
16.837932
16.834831
16.809990
16.806904
16.814540
16.781939
16.816774
16.813632
16.814244
16.826230
16.878465
16.857558
16.846516
16.835774
16.835057
16.830239
16.807076
16.798616
16.819833
16.813816
16.819862
16.788446
16.787767
16.800322
16.793942
16.774126
16.769473
16.787446
16.795574
16.802060
16.805887
16.819519
16.817361
16.810811
16.815309
16.819209
16.827853
16.804838
16.796361
16.805789
16.801647
16.803971
16.789640
16.771821
16.756006
16.759270
16.765498
16.767688
16.772335
16.767812
16.769826
16.758084
16.775135
16.781660
16.817152
16.815860
16.834014
16.835208
16.854084
16.845164
16.860109
16.858907
16.863029
16.838069
16.844704
16.884720
16.905468
16.910972
16.875485
16.879063
16.867231
16.883895
16.862784
16.867104
16.872450
16.855395
16.858653
16.825696
16.830436
16.809654
16.806136
16.821247
16.814592
16.829924
16.858631
16.871607
16.846988
16.862786
16.874986
16.892172
16.872916
16.851274
16.852488
16.855174
16.849238
16.850370
16.829181
16.826002
16.856806
16.866965
16.867913
16.892803
16.893274
16.876360
16.889811
16.888484
16.919074
16.912073
16.910913
16.945739
16.962484
16.949827
16.956535
16.967369
16.935184
16.962852
16.970688
16.978281
16.959588
16.999207
16.962688
16.969379
16.974264
17.007700
17.022512
16.994801
16.982143
16.966989
16.950849
16.944107
16.957037
16.986275
16.972808
16.964600
16.999116
17.026208
17.029202
17.043328
17.055929
17.067432
17.050016
17.059829
17.068753
17.083879
17.085242
17.083629
17.074572
17.050630
17.062316
17.076574
17.079410
17.084638
17.099659
17.108099
17.120664
17.117616
17.135568
17.137985
17.080646
17.064884
17.071566
17.065856
17.051047
17.049670
17.039238
17.031725
17.046953
17.018483
17.029394
17.035828
17.054384
17.036117
16.997205
16.998620
17.019114
17.002087
16.995843
16.979582
16.977210
16.997490
17.020955
17.011502
17.010348
17.028112
17.051677
17.054506
17.053887
17.012521
17.009298
17.039032
17.032063
17.021698
17.022136
17.041947
17.048841
17.039418
17.060012
17.090705
17.120746
17.128826
17.126516
17.153355
17.165262
17.145827
17.128424
17.116581
17.109042
17.144953
17.140578
17.154099
17.144932
17.149326
17.149968
17.150174
17.121381
17.164918
17.172040
17.156687
17.144040
17.152973
17.132695
17.113668
17.091017
17.092011
17.125123
17.104457
17.078606
17.051932
17.028892
17.045185
17.017570
17.047347
17.081668
17.063129
17.023289
17.006506
16.978666
16.955134
16.963770
16.951201
16.976698
16.945180
16.959276
16.951384
16.948178
16.976289
16.975101
16.972311
16.972598
16.992970
16.969663
16.962805
16.977741
16.999964
17.063740
17.063570
17.072938
17.081442
17.110339
17.101362
17.105125
17.122743
17.120008
17.121967
17.129040
17.111795
17.135134
17.125089
17.115963
17.110522
17.088534
17.065502
17.056221
17.047349
17.039384
17.002867
17.026802
17.025501
17.032098
17.015032
17.023073
17.019973
17.009050
16.998332
17.002931
17.027791
17.007599
17.001020
17.001964
16.996216
16.992544
16.996778
17.003274
17.007770
17.028746
17.043606
17.016015
17.004272
17.007302
16.995318
16.994144
17.027264
17.013168
16.996309
16.995008
16.990910
16.977793
16.965236
16.989973
16.982985
16.991771
17.048345
17.043862
17.046097
17.057398
17.068488
17.074428
17.048000
17.051030
17.050579
17.061614
17.039823
17.057647
17.054286
17.066146
17.043373
17.056490
17.077015
17.088991
17.119154
17.091664
17.104013
17.110488
17.109503
17.129699
17.143939
17.155744
17.164008
17.160539
17.171836
17.164592
17.165683
17.157057
17.165511
17.152026
17.180939
17.174877
17.168544
17.174994
17.168759
17.170195
17.173792
17.207413
17.203653
17.203838
17.190924
17.209660
17.186893
17.204348
17.207767
17.185808
17.197645
17.179244
17.164656
17.125226
17.117692
17.110606
17.100406
17.096296
17.083015
17.071656
17.098967
17.115741
17.092515
17.075153
17.106926
17.098904
17.097773
17.101592
17.095205
17.103805
17.108001
17.089754
17.089308
17.088271
17.093802
17.046918
17.029128
17.016890
17.038307
17.042699
17.042474
17.038630
17.027875
17.020076
17.025488
17.021504
17.009796
17.044385
17.052438
17.039082
17.054659
17.017305
17.049138
17.041985
17.062850
17.076669
17.076448
17.052553
17.060883
17.056058
17.043122
17.032567
17.043210
17.043169
17.068246
17.094970
17.069000
17.091481
17.101116
17.103235
17.051080
17.037677
17.039659
17.062635
17.055135
17.049635
17.007125
17.002235
17.024286
17.018328
16.991112
17.013185
17.043041
17.123628
17.083564
17.074795
17.073302
17.018121
17.044253
17.036963
17.031835
17.030089
17.024808
16.993387
17.031668
17.017970
17.005002
17.024097
17.020020
17.012175
17.001334
17.014047
17.004832
16.984882
17.021888
17.017259
17.017553
16.992803
16.996073
16.988041
16.986455
16.960164
16.949354
16.942568
16.908853
16.904590
16.921119
16.923646
16.934145
16.934120
16.912010
16.908756
16.948330
16.939931
16.954885
16.979479
16.972058
16.955171
16.945542
16.904741
16.953936
16.924576
16.961726
16.955875
16.966227
16.965751
17.001905
17.013062
17.017836
17.017349
17.022563
17.011556
17.022288
17.026913
17.053658
17.023763
17.038219
17.033681
17.064717
17.076345
17.087980
17.108973
17.077506
17.085443
17.052508
17.107748
17.082127
17.050792
17.033568
17.026350
17.025395
16.988527
16.986872
16.993605
16.995088
16.987700
16.968835
16.970163
16.977718
16.967688
16.969677
16.997109
16.983658
16.991841
16.955879
16.982108
16.973190
16.964235
16.962235
16.981717
17.014412
16.999629
17.008968
16.999865
17.009523
17.015572
17.023674
17.030807
17.040175
17.023416
17.043233
17.050452
17.057271
17.043643
17.003530
17.009583
17.008589
16.992974
16.983226
16.988539
16.990209
17.008895
16.998085
16.972037
17.003262
16.988185
17.008780
17.019778
17.038343
17.035702
17.051229
17.058204
17.109127
17.129028
17.150557
17.161422
17.162572
17.127977
17.127321
17.138427
17.143657
17.169201
17.200855
17.180430
17.202949
17.218037
17.216761
17.211909
17.223085
17.240484
17.225517
17.206749
17.253029
17.244979
17.230822
17.206873
17.225990
17.210043
17.195711
17.191459
17.182566
17.139641
17.128297
17.118247
17.054021
17.056504
17.057054
17.052821
17.057333
17.071192
17.047033
17.031280
17.039220
17.037304
17.060684
17.079918
17.073508
17.084429
17.086611
17.111141
17.125728
17.109505
17.142668
17.142409
17.144373
17.151205
17.166170
17.209844
17.197229
17.195593
17.217817
17.241143
17.255588
17.250404
17.257287
17.247539
17.274862
17.262895
17.250496
17.256531
17.284885
17.294757
17.300067
17.330374
17.315611
17.299266
17.296617
17.251936
17.212854
17.176417
17.137759
17.131176
17.139289
17.108200
17.094791
17.069153
17.074828
17.091159
17.092798
17.058010
17.047137
17.077994
17.100220
17.090134
17.079658
17.082536
17.077291
17.059845
17.068859
17.068480
17.059969
17.013712
17.006898
17.012737
17.053592
17.037588
16.991334
16.994829
17.003590
17.004169
17.005912
17.023623
17.021831
17.012157
17.023308
17.006003
16.988952
16.995569
16.995964
16.986811
16.995501
16.979043
16.954493
16.952078
16.943579
16.977348
16.962217
16.926718
16.866494
16.846783
16.832445
16.844167
16.849345
16.837222
16.815574
16.819444
16.802814
16.797163
16.778071
16.758444
16.773226
16.768351
16.737236
16.739542
16.783050
16.790680
16.779736
16.779752
16.796886
16.768319
16.770657
16.783626
16.783042
16.776869
16.773542
16.786649
16.810560
16.796238
16.825261
16.795258
16.772667
16.783115
16.792988
16.826534
16.800005
16.802390
16.834012
16.837558
16.836778
16.854211
16.863712
16.842899
16.846207
16.841030
16.809522
16.811000
16.832464
16.813968
16.830275
16.826297
16.856727
16.854937
16.823771
16.794761
16.774067
16.772683
16.781336
16.794760
16.787608
16.758666
16.749372
16.738025
16.754627
16.760462
16.745988
16.725401
16.708481
16.697077
16.693831
16.682560
16.722652
16.737057
16.758004
16.742089
16.781083
16.775749
16.804709
16.772204
16.763844
16.775364
16.764048
16.741976
16.799488
16.829389
16.846886
16.896294
16.886208
16.894826
16.919359
16.915935
16.919327
16.918047
16.911692
16.926103
16.925181
16.958629
16.940381
16.930632
16.930178
16.928597
16.933241
16.910063
16.949102
16.950502
16.942047
16.926984
16.945736
16.975270
16.996353
17.005290
17.033583
17.033515
17.060265
17.034652
17.009665
17.003529
17.032607
16.982182
16.981933
16.987686
17.006517
17.007034
17.008241
16.999486
17.030487
17.063998
17.080814
17.072780
17.083629
17.087658
17.078391
17.033009
17.040779
17.030760
17.038593
17.020070
17.015276
17.019063
17.005336
16.989012
17.001113
16.991004
17.020455
17.024907
17.028750
17.008957
17.034403
17.031386
17.028529
17.037528
17.029316
17.047960
17.047163
17.049187
17.059424
17.041476
17.034495
17.028650
17.026267
17.032706
17.021741
17.015174
17.021007
16.999962
17.016594
16.993808
16.995536
16.982021
16.926753
16.932135
16.928534
16.915316
16.921400
16.925974
16.923810
16.901808
16.875049
16.886902
16.877951
16.893203
16.874121
16.902241
16.922899
16.930383
16.906953
16.915458
16.953153
16.955423
16.969410
16.994875
17.015749
17.016591
17.049492
17.017213
17.003825
17.003411
17.007000
17.019675
16.979985
16.956229
16.933194
16.916011
16.874704
16.873389
16.855343
16.866518
16.877508
16.862655
16.840802
16.836873
16.836757
16.835989
16.854147
16.854236
16.849708
16.825976
16.837391
16.821906
16.856990
16.863238
16.889799
16.892217
16.877873
16.894826
16.908948
16.918405
16.918209
16.896987
16.904379
16.930283
16.961861
16.936998
16.937907
16.919188
16.923754
16.899487
16.919378
16.918715
16.903631
16.904503
16.892455
16.912406
16.884366
16.875963
16.908272
16.892349
16.884052
16.895059
16.879505
16.833410
16.848733
16.816961
16.789536
16.783363
16.800419
16.754692
16.741987
16.731085
16.710716
16.683557
16.682607
16.714501
16.747839
16.755040
16.741431
16.691280
16.681191
16.640555
16.601928
16.598516
16.604961
16.578010
16.568736
16.555414
16.565007
16.577644
16.571328
16.578103
16.600707
16.630986
16.628114
16.618325
16.663925
16.680569
16.679338
16.681371
16.718255
16.721853
16.740552
16.731360
16.746198
16.732695
16.730034
16.712661
16.705979
16.699351
16.670822
16.669083
16.664940
16.634515
16.632248
16.628226
16.621141
16.601708
16.578088
16.585854
16.584268
16.563206
16.535899
16.503203
16.524269
16.496189
16.495805
16.496544
16.466585
16.473214
16.492459
16.517691
16.488412
16.503523
16.484448
16.493044
16.492509
16.504725
16.484957
16.459799
16.459954
16.456039
16.462366
16.458949
16.455925
16.446997
16.490299
16.552308
16.566736
16.568065
16.551454
16.581683
16.565600
16.565394
16.567000
16.555889
16.562349
16.609242
16.587634
16.581398
16.572151
16.556272
16.525199
16.550185
16.545183
16.532326
16.510008
16.518595
16.517132
16.528037
16.493293
16.493018
16.496968
16.481698
16.459335
16.466401
16.471369
16.495267
16.492664
16.495211
16.465893
16.461304
16.479466
16.460190
16.474755
16.451425
16.435862
16.424631
16.449076
16.458029
16.472444
16.489423
16.506450
16.491425
16.455930
16.479920
16.501440
16.520193
16.498340
16.500279
16.508364
16.524718
16.522486
16.491782
16.494084
16.498638
16.503502
16.511255
16.495279
16.491736
16.509386
16.520875
16.526889
16.530283
16.525462
16.529016
16.523443
16.566644
16.520114
16.543757
16.525215
16.500206
16.488200
16.467049
16.431962
16.413430
16.400495
16.397528
16.437514
16.444127
16.471450
16.488550
16.524120
16.523824
16.534554
16.534358
16.544579
16.543591
16.518237
16.472925
16.494000
16.480966
16.505799
16.491598
16.487144
16.495313
16.502242
16.543851
16.548347
16.520577
16.520137
16.501198
16.486353
16.496093
16.461098
16.433249
16.429640
16.419130
16.415613
16.409438
16.386668
16.376361
16.388466
16.392222
16.456520
16.469187
16.490331
16.503716
16.513033
16.489843
16.493763
16.496639
16.486781
16.463587
16.480974
16.496757
16.512120
16.518972
16.508467
16.519184
16.493918
16.503046
16.513620
16.523858
16.535383
16.526153
16.506973
16.477381
16.494505
16.467531
16.458853
16.451920
16.460139
16.454069
16.506622
16.478071
16.460177
16.494104
16.533426
16.517872
16.486117
16.499485
16.495240
16.509620
16.506951
16.545805
16.551237
16.556028
16.564556
16.554317
16.531092
16.506428
16.497169
16.511068
16.511703
16.535784
16.565577
16.555855
16.560875
16.556304
16.547461
16.550007
16.563872
16.575977
16.581699
16.574898
16.597027
16.600550
16.601949
16.606598
16.607311
16.594626
16.609393
16.620031
16.628643
16.587376
16.550109
16.545017
16.537165
16.545419
16.564626
16.566829
16.558462
16.569999
16.573845
16.553490
16.545234
16.554191
16.589665
16.585810
16.576374
16.603626
16.598589
16.629012
16.609471
16.607518
16.607499
16.611020
16.613352
16.595769
16.614459
16.616224
16.623368
16.598169
16.592790
16.590209
16.609622
16.646248
16.622545
16.606406
16.575870
16.545781
16.532037
16.554281
16.549070
16.569670
16.595383
16.583019
16.541818
16.523360
16.540010
16.522742
16.555131
16.544356
16.558476
16.563477
16.571105
16.562810
16.552378
16.549060
16.557819
16.551039
16.540869
16.549838
16.537677
16.519499
16.519287
16.530223
16.539418
16.550533
16.561623
16.563813
16.558912
16.598404
16.614515
16.608780
16.613699
16.592767
16.594106
16.632751
16.640480
16.662983
16.687958
16.669433
16.672780
16.643823
16.654007
16.631973
16.620146
16.617657
16.628607
16.654541
16.663558
16.628052
16.634440
16.611897
16.634685
16.649930
16.641392
16.636184
16.643019
16.647482
16.648218
16.656831
16.647871
16.617222
16.636561
16.616267
16.618437
16.576995
16.559300
16.596139
16.615410
16.629766
16.647575
16.680225
16.688358
16.701614
16.702276
16.672104
16.701352
16.680187
16.686265
16.713079
16.700092
16.692440
16.661289
16.663501
16.701670
16.713156
16.709614
16.686096
16.694413
16.683605
16.694610
16.711486
16.716166
16.716430
16.732160
16.737310
16.725199
16.730832
16.701034
16.703964
16.679410
16.651026
16.639738
16.630354
16.652675
16.675066
16.685991
16.698484
16.704662
16.695137
16.685322
16.677630
16.660482
16.638974
16.617231
16.625799
16.633501
16.666831
16.667914
16.665160
16.660129
16.681604
16.666905
16.668486
16.676939
16.667610
16.670292
16.671419
16.668056
16.676614
16.716752
16.715475
16.733418
16.703095
16.703312
16.694907
16.705799
16.682330
16.691286
16.709479
16.701700
16.711066
16.690788
16.712102
16.703241
16.696585
16.707693
16.703751
16.703360
16.690734
16.688575
16.656950
16.683289
16.677181
16.688109
16.680137
16.685599
16.689802
16.690108
16.682718
16.682939
16.686351
16.676208
16.702577
16.686114
16.691316
16.691781
16.687506
16.711352
16.684468
16.658273
16.647693
16.693687
16.688340
16.690864
16.699680
16.697006
16.690060
16.731231
16.722507
16.733086
16.733559
16.739424
16.755486
16.763271
16.766826
16.767895
16.759267
16.754848
16.760480
16.748308
16.744716
16.742995
16.761686
16.790936
16.807433
16.814552
16.843597
16.842037
16.866690
16.852588
16.868724
16.888538
16.895227
16.877954
16.867062
16.873971
16.873857
16.863770
16.819220
16.835834
16.833772
16.801330
16.807457
16.863153
16.838827
16.837124
16.850963
16.858529
16.884069
16.912172
16.913411
16.954857
16.946098
16.949062
16.986175
17.002266
17.022715
17.004825
17.004706
17.002355
17.000927
17.008678
17.020672
17.015913
16.999756
17.008969
17.015379
17.024806
17.030036
17.043680
17.040178
17.034158
16.979292
16.966058
16.977330
16.959793
16.946919
16.934866
16.928444
16.909921
16.907289
16.890287
16.880722
16.886756
16.884723
16.913573
16.938573
16.916521
16.896054
16.863116
16.878737
16.870093
16.840967
16.831684
16.832356
16.828944
16.828332
16.815179
16.844865
16.884326
16.883484
16.899192
16.930866
16.931536
16.930923
16.979808
16.970202
16.953649
16.972050
16.967495
16.950504
16.909173
16.892724
16.895140
16.876707
16.867378
16.849780
16.873451
16.855944
16.849732
16.842271
16.834730
16.833158
16.829626
16.811478
16.789277
16.775725
16.787190
16.803318
16.805889
16.818381
16.810775
16.823926
16.846900
16.839654
16.811799
16.808168
16.827527
16.841525
16.855722
16.840794
16.857565
16.831382
16.846770
16.844725
16.811806
16.799040
16.797661
16.801266
16.793229
16.780258
16.771108
16.765454
16.758271
16.751155
16.745807
16.731028
16.724362
16.713340
16.723779
16.715199
16.698524
16.700774
16.702447
16.702608
16.705503
16.689756
16.683166
16.705411
16.714134
16.702216
16.706849
16.712949
16.719294
16.737538
16.738053
16.737740
16.737739
16.750163
16.740479
16.740123
16.751961
16.783080
16.749770
16.746528
16.747687
16.753611
16.751047
16.758216
16.785408
16.817173
16.809897
16.805174
16.800386
16.808453
16.805492
16.792106
16.783697
16.790815
16.796276
16.801486
16.810983
16.834573
16.839217
16.835841
16.835543
16.828977
16.843734
16.849246
16.839325
16.842384
16.857741
16.830279
16.849783
16.857238
16.863766
16.859165
16.887381
16.898496
16.890392
16.901767
16.934753
16.933209
16.892436
16.888988
16.914535
16.906177
16.918622
16.908168
16.943096
16.945660
16.940578
16.946458
16.938758
16.925944
16.895936
16.890312
16.886375
16.906037
16.921643
16.905946
16.893297
16.901605
16.870053
16.877593
16.907025
16.927550
16.908191
16.894639
16.874782
16.890651
16.923609
16.898902
16.894671
16.877469
16.867852
16.861535
16.877027
16.843176
16.837816
16.847122
16.860394
16.892753
16.884033
16.855263
16.876989
16.873375
16.854114
16.870093
16.885254
16.877401
16.864003
16.874152
16.862075
16.872552
16.854554
16.867210
16.871341
16.866932
16.833030
16.827363
16.816322
16.825904
16.815598
16.789216
16.798600
16.796913
16.784778
16.777603
16.807589
16.813019
16.864261
16.873293
16.884898
16.894838
16.879251
16.899714
16.860520
16.843866
16.818036
16.833868
16.824463
16.814690
16.801260
16.794705
16.800327
16.815489
16.839834
16.870987
16.860047
16.871917
16.870351
16.859046
16.856257
16.848383
16.872842
16.870643
16.832358
16.828916
16.818558
16.804975
16.811694
16.827769
16.824766
16.834559
16.818433
16.826384
16.810845
16.825641
16.829959
16.809906
16.797713
16.810262
16.796213
16.780738
16.782386
16.771764
16.730095
16.760133
16.705473
16.707394
16.686809
16.648634
16.663094
16.687394
16.688082
16.696587
16.706279
16.718013
16.709363
16.699994
16.720897
16.725462
16.688004
16.669016
16.669217
16.668216
16.666416
16.652423
16.654287
16.626829
16.615911
16.593912
16.574519
16.606042
16.577290
16.571166
16.590708
16.610283
16.623678
16.633434
16.626379
16.606381
16.605742
16.620769
16.662157
16.676451
16.642818
16.638299
16.657150
16.661930
16.694012
16.715292
16.724938
16.723094
16.724136
16.704312
16.719184
16.706799
16.704498
16.694830
16.707497
16.679348
16.669575
16.666539
16.660002
16.665075
16.647229
16.628597
16.636884
16.602646
16.595885
16.618461
16.598967
16.596227
16.594623
16.616895
16.618882
16.594891
16.595240
16.608313
16.602031
16.609493
16.621999
16.663031
16.661525
16.644296
16.647305
16.668581
16.659991
16.639425
16.598913
16.595204
16.595255
16.592266
16.592460
16.595765
16.626216
16.611903
16.586610
16.574307
16.550135
16.575851
16.580828
16.598213
16.598605
16.571238
16.581565
16.577721
16.588194
16.566924
16.516854
16.503289
16.508418
16.515557
16.509117
16.491162
16.465582
16.447730
16.449402
16.434791
16.453089
16.472486
16.438385
16.436775
16.423947
16.423733
16.422429
16.427107
16.423424
16.461085
16.450453
16.469223
16.450926
16.485671
16.473245
16.467467
16.448445
16.446708
16.437144
16.410668
16.433770
16.423776
16.406923
16.413370
16.395092
16.404049
16.459537
16.461114
16.453606
16.449220
16.448759
16.458949
16.437386
16.432613
16.443019
16.439597
16.444869
16.459498
16.461468
16.452931
16.439975
16.456279
16.448516
16.451352
16.447653
16.403904
16.413698
16.433260
16.454829
16.455210
16.467311
16.486055
16.484901
16.487887
16.506189
16.498645
16.502019
16.479811
16.475407
16.470437
16.459182
16.494932
16.492162
16.512679
16.502512
16.519009
16.508396
16.512521
16.512658
16.507877
16.542660
16.529250
16.527678
16.548720
16.559939
16.562395
16.603168
16.622278
16.622058
16.602391
16.605671
16.597245
16.595933
16.591331
16.580538
16.572616
16.562512
16.575021
16.560347
16.572730
16.562709
16.549677
16.560072
16.539124
16.523554
16.523849
16.517412
16.500022
16.500200
16.503098
16.499184
16.493949
16.528704
16.521647
16.518563
16.520475
16.513929
16.522559
16.518491
16.536957
16.563671
16.557197
16.554934
16.534426
16.542235
16.529805
16.504223
16.522489
16.511371
16.500431
16.510468
16.515432
16.516193
16.511416
16.523084
16.534054
16.537320
16.539007
16.533093
16.538822
16.526858
16.518197
16.517695
16.531430
16.521053
16.534949
16.542563
16.515262
16.519558
16.514180
16.516593
16.477420
16.495308
16.490495
16.496623
16.507394
16.543962
16.541032
16.551483
16.554064
16.570534
16.568216
16.531947
16.513911
16.508663
16.521001
16.515698
16.537184
16.528878
16.524826
16.513730
16.521953
16.533326
16.533990
16.518493
16.530400
16.508124
16.509914
16.522161
16.510993
16.508503
16.507914
16.498249
16.500778
16.504282
16.516193
16.518003
16.526428
16.519026
16.519472
16.524903
16.540527
16.532616
16.484032
16.444403
16.430113
16.439449
16.504494
16.527879
16.524357
16.543904
16.553356
16.565633
16.546681
16.544737
16.541623
16.538152
16.526345
16.515863
16.490118
16.493614
16.481366
16.473288
16.486274
16.480044
16.474051
16.467685
16.470221
16.483291
16.485779
16.490611
16.498419
16.484744
16.474028
16.461068
16.482149
16.442398
16.453285
16.465220
16.472954
16.467347
16.494889
16.502209
16.499423
16.514066
16.529883
16.533374
16.540786
16.544768
16.513122
16.522942
16.519904
16.490876
16.497172
16.495622
16.483145
16.488026
16.494625
16.498692
16.498273
16.488617
16.459373
16.447511
16.461213
16.468913
16.463294
16.475041
16.469854
16.469075
16.447697
16.459818
16.454350
16.518587
16.513816
16.503202
16.497123
16.468468
16.469867
16.471306
16.452658
16.451356
16.441355
16.472291
16.479236
16.481361
16.502923
16.502232
16.523219
16.536978
16.542414
16.551237
16.516484
16.511614
16.497691
16.488693
16.513583
16.509632
16.506214
16.497246
16.493835
16.492831
16.484170
16.472093
16.458317
16.461386
16.475312
16.485138
16.498347
16.490921
16.496319
16.501322
16.514474
16.493020
16.499038
16.493828
16.486411
16.499812
16.491817
16.521854
16.551366
16.504338
16.492233
16.481008
16.445045
16.437653
16.431543
16.431770
16.427184
16.423741
16.424937
16.409584
16.382200
16.403763
16.414704
16.412378
16.401001
16.404830
16.410753
16.393279
16.389165
16.403424
16.389457
16.378940
16.385032
16.389544
16.406193
16.407906
16.437987
16.459740
16.454038
16.454595
16.467374
16.533956
16.552603
16.574499
16.557618
16.568512
16.549844
16.538608
16.560472
16.579427
16.559939
16.551030
16.532893
16.546802
16.533447
16.544773
16.534498
16.515576
16.486818
16.497518
16.526742
16.536497
16.509042
16.466063
16.449826
16.447021
16.443917
16.451354
16.454965
16.466841
16.482580
16.456622
16.448207
16.470174
16.496710
16.482372
16.494005
16.461732
16.452291
16.445639
16.455703
16.453087
16.464562
16.449363
16.453582
16.472276
16.468987
16.460688
16.465413
16.488226
16.485977
16.582705
16.576711
16.573765
16.567659
16.579290
16.642108
16.642362
16.634469
16.611015
16.636824
16.655305
16.661030
16.684451
16.670888
16.666697
16.697926
16.656806
16.675099
16.682295
16.691672
16.714023
16.729920
16.725528
16.705529
16.698813
16.694921
16.702240
16.704332
16.703839
16.684691
16.662613
16.659743
16.624823
16.637313
16.620674
16.624938
16.621918
16.610950
16.631537
16.637506
16.631385
16.633590
16.634470
16.668203
16.682313
16.692166
16.703471
16.696060
16.696669
16.724824
16.756827
16.738509
16.750230
16.766962
16.760968
16.757489
16.772704
16.793452
16.760598
16.759506
16.748119
16.764016
16.767306
16.758832
16.787569
16.765601
16.752132
16.748976
16.737397
16.744091
16.741951
16.725958
16.751927
16.727662
16.728237
16.750145
16.718347
16.661899
16.643550
16.651982
16.663901
16.672665
16.684323
16.694964
16.694597
16.703145
16.727349
16.720824
16.673838
16.677315
16.666475
16.661584
16.662821
16.682689
16.696208
16.688838
16.717614
16.707695
16.713876
16.680641
16.652252
16.637486
16.630808
16.610471
16.618240
16.634685
16.658922
16.620498
16.627447
16.642621
16.619344
16.608444
16.587594
16.613580
16.602963
16.599354
16.588514
16.618009
16.618023
16.627480
16.635969
16.647823
16.671361
16.646003
16.650995
16.648921
16.651424
16.646675
16.644080
16.616651
16.614963
16.603865
16.605893
16.600023
16.598718
16.595082
16.588516
16.607401
16.615698
16.618415
16.598421
16.614627
16.626800
16.630352
16.648731
16.647152
16.660427
16.673670
16.675711
16.669716
16.697859
16.719584
16.735738
16.756821
16.767325
16.723191
16.709957
16.699588
16.712803
16.740519
16.756005
16.758684
16.789490
16.719869
16.689593
16.701043
16.682255
16.672604
16.690154
16.673342
16.678316
16.698869
16.720391
16.720971
16.730578
16.722912
16.709609
16.710006
16.717227
16.731817
16.747314
16.775799
16.782196
16.784367
16.780323
16.789322
16.798819
16.761155
16.746599
16.733856
16.716443
16.662962
16.656265
16.675469
16.690823
16.705322
16.692742
16.698077
16.704184
16.669491
16.655467
16.656776
16.672201
16.676096
16.669038
16.649556
16.677706
16.664609
16.706016
16.715940
16.732847
16.731690
16.727811
16.685239
16.687577
16.663616
16.658797
16.625432
16.621763
16.608993
16.585907
16.568699
16.515932
16.518637
16.513843
16.473643
16.474182
16.457839
16.458971
16.457593
16.463924
16.456044
16.464810
16.447906
16.452347
16.454930
16.484529
16.504104
16.512067
16.508419
16.475813
16.462543
16.460954
16.470108
16.483643
16.492207
16.495471
16.511999
16.523011
16.520561
16.531688
16.518683
16.511825
16.515455
16.522575
16.518756
16.510495
16.528509
16.520342
16.554187
16.528726
16.510318
16.511079
16.512329
16.502917
16.515960
16.531138
16.504358
16.479189
16.463688
16.468067
16.472987
16.459352
16.475849
16.472850
16.480179
16.494283
16.521999
16.522383
16.522779
16.513659
16.498783
16.527822
16.554617
16.550276
16.555359
16.568065
16.569810
16.570097
16.570632
16.541031
16.538975
16.521427
16.509562
16.515387
16.515013
16.539555
16.545831
16.523859
16.522737
16.520422
16.534809
16.544640
16.559689
16.571601
16.563230
16.581462
16.557849
16.537683
16.529403
16.524048
16.515699
16.501909
16.504228
16.535941
16.502018
16.489552
16.458392
16.420640
16.423372
16.429908
16.430952
16.433795
16.438213
16.431401
16.419974
16.415588
16.403262
16.396288
16.395877
16.396386
16.387446
16.391070
16.395946
16.391863
16.367891
16.361120
16.367091
16.386378
16.390194
16.380029
16.408658
16.425537
16.407004
16.384633
16.394323
16.380076
16.376057
16.360174
16.364987
16.388998
16.419127
16.398255
16.422844
16.411775
16.413408
16.412151
16.396448
16.409945
16.435135
16.449451
16.441765
16.426245
16.438370
16.450934
16.439874
16.443755
16.432297
16.448493
16.431247
16.425016
16.399757
16.394466
16.401159
16.421676
16.421768
16.417128
16.410191
16.403901
16.423090
16.423519
16.446724
16.438992
16.438998
16.420459
16.453952
16.433018
16.406410
16.418346
16.413599
16.423149
16.431286
16.455943
16.442253
16.485308
16.462025
16.445908
16.456159
16.458564
16.448119
16.426610
16.451281
16.444745
16.442760
16.488150
16.500587
16.522426
16.504288
16.505043
16.497583
16.487677
16.483063
16.472306
16.480343
16.479755
16.485331
16.476523
16.490714
16.492326
16.478894
16.481318
16.494528
16.486269
16.470795
16.461454
16.465656
16.442028
16.435872
16.441613
16.450840
16.462847
16.467638
16.481109
16.472793
16.484126
16.479487
16.477991
16.490321
16.526699
16.502412
16.453013
16.447030
16.458003
16.464600
16.454155
16.441583
16.439162
16.457388
16.451367
16.431196
16.450867
16.457672
16.435858
16.468057
16.522390
16.530729
16.515924
16.495344
16.486294
16.483984
16.497910
16.502822
16.510693
16.511768
16.474196
16.479027
16.478566
16.473520
16.487356
16.471141
16.467887
16.465949
16.473258
16.485859
16.484183
16.533173
16.537862
16.560629
16.571280
16.597284
16.597425
16.586993
16.589699
16.613235
16.622242
16.626359
16.631746
16.628525
16.647173
16.635136
16.662923
16.653598
16.662544
16.677827
16.674007
16.664729
16.644031
16.669258
16.662520
16.662043
16.663737
16.656405
16.649707
16.657469
16.654016
16.661611
16.674642
16.678261
16.678033
16.663730
16.689160
16.696554
16.761310
16.705488
16.704511
16.695404
16.704256
16.725884
16.713020
16.726251
16.761180
16.767014
16.805440
16.798660
16.785785
16.780721
16.768194
16.772594
16.785073
16.766189
16.799701
16.825232
16.823669
16.780153
16.771601
16.779354
16.766790
16.777701
16.736347
16.738399
16.746753
16.740837
16.758050
16.776775
16.757318
16.736120
16.710347
16.711615
16.715722
16.718534
16.723558
16.731124
16.726532
16.730525
16.716361
16.728995
16.754698
16.741890
16.773600
16.785421
16.782250
16.785359
16.762744
16.767376
16.770402
16.763412
16.760324
16.759591
16.760503
16.766829
16.786510
16.783635
16.772972
16.785137
16.781958
16.779639
16.788976
16.789536
16.766757
16.811972
16.744990
16.747454
16.750986
16.768641
16.782761
16.782897
16.771565
16.764526
16.762240
16.748818
16.741701
16.738011
16.745036
16.744025
16.761295
16.752154
16.753658
16.736841
16.736104
16.739497
16.743055
16.745044
16.720919
16.716329
16.668598
16.705599
16.705401
16.659909
16.685126
16.706100
16.725896
16.706656
16.716556
16.714341
16.715923
16.682944
16.718682
16.694179
16.704424
16.687146
16.663112
16.651419
16.648359
16.669175
16.700255
16.738475
16.742702
16.748365
16.746452
16.748526
