14.225106
14.226257
14.248298
14.245206
14.260990
14.277672
14.266193
14.268821
14.249557
14.256842
14.247780
14.248705
14.245021
14.250405
14.273609
14.277589
14.274859
14.274405
14.292786
14.272836
14.264654
14.258930
14.260434
14.289731
14.294643
14.291159
14.297645
14.288866
14.313057
14.308498
14.285866
14.291368
14.285347
14.305278
14.301818
14.317201
14.326169
14.336972
14.324671
14.330479
14.326304
14.344740
14.346687
14.342342
14.335365
14.343875
14.341363
14.338699
14.336210
14.337970
14.335465
14.355443
14.368108
14.369079
14.381805
14.381628
14.388317
14.387157
14.368603
14.368436
14.369278
14.368423
14.361093
14.365759
14.367202
14.360057
14.371319
14.381750
14.376744
14.384087
14.392494
14.387364
14.368708
14.363921
14.354246
14.332925
14.340099
14.366557
14.367154
14.394280
14.388498
14.381112
14.394561
14.398350
14.390958
14.388589
14.408265
14.411261
14.401971
14.387784
14.382285
14.396316
14.401598
14.435831
14.426160
14.416516
14.393086
14.399994
14.404687
14.396398
14.396484
14.394571
14.398295
14.395717
14.385750
14.381913
14.377666
14.369572
14.363561
14.410290
14.390325
14.380706
14.391914
14.390495
14.391071
14.388288
14.386183
14.380789
14.412061
14.410867
14.412532
14.410700
14.403819
14.411854
14.430719
14.428192
14.430019
14.429517
14.402531
14.411021
14.408952
14.419462
14.438678
14.437619
14.458895
14.465521
14.439278
14.446598
14.424728
14.438583
14.437960
14.425340
14.414377
14.414543
14.419997
14.420209
14.415060
14.394708
14.407865
14.412368
14.394711
14.374859
14.375244
14.379941
14.383614
14.407095
14.401930
14.408178
14.405833
14.409739
14.408755
14.410246
14.415314
14.404674
14.422199
14.447636
14.469132
14.462089
14.469229
14.447859
14.447661
14.451018
14.459004
14.470571
14.465652
14.484039
14.492067
14.491678
14.503254
14.500290
14.488519
14.488811
14.487320
14.481628
14.513513
14.510429
14.494212
14.488722
14.489582
14.510588
14.507441
14.526073
14.526655
14.532837
14.538993
14.528520
14.545642
14.538590
14.533130
14.528853
14.531142
14.504795
14.495472
14.488560
14.469196
14.437459
14.437588
14.459011
14.458929
14.459625
14.469611
14.477104
14.460428
14.446775
14.445211
14.465539
14.460981
14.461195
14.485129
14.485273
14.467767
14.455200
14.472985
14.467853
14.471026
14.464588
14.461387
14.441464
14.440500
14.476163
14.480087
14.489676
14.485714
14.486095
14.481268
14.481410
14.503881
14.510724
14.502324
14.504148
14.493403
14.482907
14.541520
14.550288
14.530394
14.525415
14.531976
14.533247
14.518988
14.511306
14.510072
14.516081
14.548925
14.547683
14.549169
14.550577
14.546205
14.559890
14.554882
14.556017
14.540728
14.538898
14.533657
14.532212
14.516624
14.515717
14.541464
14.524369
14.519109
14.514476
14.530740
14.532710
14.538068
14.536154
14.534196
14.516096
14.550748
14.541174
14.536747
14.537201
14.514519
14.536235
14.544258
14.581332
14.571152
14.598404
14.602738
14.605084
14.621112
14.628833
14.641355
14.630806
14.632178
14.626867
14.627462
14.621028
14.619270
14.619946
14.612518
14.612311
14.624422
14.627414
14.649866
14.652158
14.657545
14.646602
14.641037
14.650846
14.649299
14.660818
14.666991
14.669442
14.665924
14.639871
14.650429
14.671060
14.660572
14.655079
14.680682
14.669690
14.676241
14.671251
14.675383
14.681021
14.691715
14.680234
14.669032
14.688455
14.705840
14.700380
14.694074
14.696281
14.698018
14.702158
14.701034
14.707191
14.700516
14.707507
14.722046
14.724638
14.719263
14.724111
14.728591
14.723888
14.731541
14.738402
14.744173
14.722155
14.696220
14.692224
14.682663
14.673082
14.679919
14.690791
14.684255
14.693055
14.704835
14.717600
14.703036
14.655105
14.660984
14.669108
14.674842
14.670128
14.674794
14.664591
14.676497
14.666439
14.653186
14.680518
14.680678
14.650708
14.658427
14.658028
14.637043
14.648653
14.650421
14.636767
14.645330
14.683148
14.665476
14.675547
14.674500
14.680866
14.690010
14.685191
14.707092
14.714284
14.714810
14.718674
14.688888
14.667715
14.668232
14.668916
14.679023
14.706495
14.714597
14.704132
14.688563
14.690642
14.701377
14.690276
14.681124
14.685596
14.688495
14.711377
14.762311
14.755499
14.759219
14.760119
14.757763
14.757384
14.768109
14.773472
14.767489
14.772217
14.759796
14.756000
14.752878
14.757681
14.746142
14.709450
14.713815
14.702270
14.695265
14.720406
14.718229
14.703184
14.694038
14.688850
14.698266
14.704359
14.700004
14.702445
14.710139
14.707671
14.705814
14.713623
14.717878
14.724448
14.731441
14.716392
14.710936
14.706676
14.703372
14.704663
14.706920
14.744196
14.737673
14.753851
14.745076
14.753655
14.760166
14.757709
14.765830
14.769085
14.741730
14.730941
14.716556
14.710181
14.709408
14.708496
14.699859
14.690469
14.679210
14.674036
14.685625
14.687836
14.680876
14.688240
14.681782
14.672993
14.672544
14.681328
14.693524
14.687681
14.677041
14.682514
14.689298
14.694399
14.729140
14.713943
14.718512
14.720586
14.721185
14.711350
14.704487
14.720387
14.750336
14.762990
14.749534
14.765172
14.765808
14.772580
14.792902
14.805507
14.813656
14.824532
14.832162
14.862879
14.848177
14.850660
14.854149
14.841829
14.838693
14.838256
14.829804
14.824134
14.837880
14.824691
14.807722
14.817005
14.832615
14.841125
14.839619
14.840550
14.834216
14.849987
14.858186
14.852848
14.859776
14.843322
14.842210
14.828107
14.832072
14.833424
14.861832
14.871084
14.878426
14.894512
14.899801
14.896722
14.907051
14.909679
14.901948
14.889722
14.884175
14.889207
14.901098
14.890904
14.897957
14.905749
14.902001
14.896988
14.893634
14.889919
14.884861
14.881058
14.876987
14.862848
14.842564
14.845341
14.845537
14.851531
14.853387
14.857766
14.840702
14.828729
14.829769
14.838657
14.832275
14.834296
14.841032
14.849858
14.841786
14.843837
14.835580
14.852847
14.858140
14.860124
14.850982
14.863213
14.874473
14.859354
14.833178
14.825980
14.842984
14.853109
14.855551
14.845343
14.860497
14.858396
14.868317
14.873131
14.860731
14.884141
14.881443
14.878309
14.886193
14.890391
14.905802
14.873892
14.865732
14.873704
14.867854
14.863970
14.903639
14.902944
14.889411
14.912315
14.904697
14.882137
14.881093
14.929198
14.923952
14.931568
14.932453
14.936431
14.930724
14.936792
14.944059
14.935054
14.941117
14.936491
14.944551
14.953378
14.945332
14.947877
14.945786
14.926658
14.925836
14.947908
14.938657
14.940206
14.918351
14.928236
14.917745
14.896101
14.915907
14.937291
14.929114
14.932528
14.946727
14.940357
14.948437
14.938972
14.927173
14.903940
14.900647
14.933070
14.937063
14.944505
14.946949
14.960620
14.984745
14.986588
14.973919
14.956430
14.945082
14.926066
14.949003
14.974739
14.978300
14.997656
15.013342
15.010166
14.953815
14.964496
14.945138
14.935234
14.923166
14.929526
14.938712
14.940905
14.922957
14.921998
14.922686
14.924192
14.921127
14.916177
14.918130
14.927533
14.925665
14.928429
14.935955
14.936728
14.943366
14.952958
14.923761
14.922090
14.911016
14.899458
14.897957
14.888834
14.885710
14.939040
14.947810
14.942757
14.904231
14.902454
14.905637
14.901988
14.894531
14.862721
14.866442
14.872786
14.878141
14.861783
14.850283
14.834008
14.835599
14.839390
14.855081
14.853927
14.857952
14.857074
14.873385
14.874870
14.879694
14.873984
14.884951
14.886226
14.878994
14.878865
14.881665
14.883095
14.884701
14.872364
14.897112
14.911796
14.875338
14.871078
14.869499
14.876564
14.880141
14.887101
14.921694
14.922898
14.934775
14.923763
14.938157
14.931453
14.927299
14.924888
14.942597
14.900624
14.887340
14.899035
14.875059
14.891156
14.921398
14.909422
14.877804
14.869502
14.880691
14.908840
14.905408
14.906465
14.900904
14.909704
14.913251
14.906369
14.894286
14.897749
14.897726
14.889104
14.875324
14.875697
14.865206
14.863546
14.893544
14.933886
14.882013
14.895040
14.907153
14.910409
14.886347
14.880228
14.879759
14.876936
14.918676
14.912775
14.896190
14.904213
14.910879
14.917824
14.899365
14.905674
14.908187
14.890012
14.889742
14.877839
14.880161
14.900894
14.900831
14.883419
14.870586
14.845694
14.846415
14.810775
14.802017
14.808045
14.812303
14.811067
14.806096
14.811486
14.820499
14.825427
14.828193
14.870994
14.856058
14.836191
14.837913
14.841834
14.854740
14.871639
14.879107
14.873235
14.873933
14.871764
14.874899
14.884864
14.893902
14.888367
14.913242
14.937910
14.940381
14.947202
14.951953
14.931288
14.931544
14.933943
14.936256
14.924823
14.934580
14.953746
14.942765
14.932536
14.922613
14.920292
14.934755
14.938934
14.923668
14.927415
14.938207
14.951657
14.943731
14.930350
14.913569
14.863509
14.866712
14.865506
14.868004
14.869415
14.888409
14.889387
14.859533
14.857760
14.866415
14.868141
14.861566
14.858824
14.852288
14.844320
14.843506
14.858874
14.857080
14.862815
14.861625
14.868469
14.876440
14.866440
14.862973
14.869417
14.859683
14.842981
14.842982
14.834740
14.834118
14.828690
14.820162
14.822682
14.827725
14.812441
14.834032
14.830282
14.818062
14.816326
14.804315
14.824068
14.828924
14.835257
14.840222
14.843024
14.830089
14.829286
14.837742
14.826317
14.859641
14.859845
14.847468
14.827359
14.843283
14.853028
14.830126
14.818306
14.802597
14.793669
14.781886
14.778163
14.776657
14.780885
14.768119
14.749757
14.756614
14.734901
14.738374
14.739222
14.756418
14.765811
14.781024
14.738358
14.750914
14.744118
14.761234
14.768834
14.770091
14.780845
14.780716
14.793643
14.785528
14.779286
14.758745
14.750875
14.722345
14.735345
14.741053
14.755996
14.729297
14.732245
14.740040
14.715043
14.711091
14.688378
14.668335
14.662989
14.672173
14.682941
14.666704
14.656762
14.639749
14.632240
14.623055
14.622997
14.608856
14.613298
14.626072
14.597434
14.619883
14.609745
14.583357
14.591801
14.586020
14.586375
14.592111
14.577136
14.576838
14.551917
14.540405
14.545277
14.547934
14.540697
14.561248
14.558943
14.564787
14.571743
14.574161
14.570305
14.578871
14.594513
14.599367
14.620144
14.621155
14.590512
14.587044
14.594483
14.591623
14.607626
14.606003
14.601131
14.592242
14.583581
14.582462
14.582619
14.548539
14.531541
14.531830
14.528541
14.530749
14.544099
14.526249
14.568744
14.580032
14.581733
14.577699
14.562971
14.571074
14.574859
14.575260
14.557637
14.549410
14.571119
14.544529
14.535083
14.531813
14.524293
14.475497
14.462075
14.467412
14.463132
14.462442
14.479354
14.472381
14.468972
14.481944
14.459120
14.463136
14.477439
14.488161
14.488213
14.483694
14.493373
14.483009
14.475339
14.481841
14.486556
14.483228
14.483579
14.470473
14.464823
14.452047
14.449461
14.448699
14.448728
14.452407
14.461488
14.451356
14.461332
14.464221
14.469446
14.459325
14.467036
14.480720
14.464031
14.460921
14.464292
14.477200
14.418714
14.414515
14.404293
14.400595
14.410741
14.429463
14.427016
14.447481
14.450781
14.457193
14.447524
14.437878
14.439899
14.403452
14.394110
14.388132
14.389693
14.383357
14.373874
14.374486
14.360167
14.358470
14.353698
14.365959
14.362457
14.367237
14.298984
14.289842
14.308623
14.313385
14.299590
14.318219
14.295918
14.290873
14.287409
14.279873
14.265171
14.258204
14.247885
14.256205
14.251537
14.271366
14.272176
14.280974
14.269468
14.265859
14.271979
14.270619
14.262119
14.249950
14.238369
14.230491
14.265422
14.262651
14.276212
14.273597
14.263915
14.273822
14.262390
14.256706
14.260300
14.255270
14.246296
14.261638
14.258781
14.260807
14.261167
14.266583
14.267015
14.258987
14.254278
14.253226
14.245170
14.281444
14.321641
14.331601
14.337355
14.329162
14.333554
14.343771
14.333522
14.333794
14.323742
14.320869
14.339852
14.331762
14.329784
14.325984
14.330343
14.355986
14.357810
14.402134
14.394340
14.402481
14.402006
14.413163
14.397319
14.399222
14.406797
14.410356
14.408766
14.412610
14.423376
14.417469
14.407301
14.409288
14.381324
14.368936
14.370147
14.392742
14.375719
14.369006
14.359219
14.388380
14.397292
14.394075
14.385796
14.381723
14.383211
14.386634
14.407161
14.408857
14.400564
14.402973
14.423228
14.421883
14.421758
14.432428
14.432743
14.437283
14.441171
14.441961
14.432478
14.429465
14.430087
14.410016
14.418485
14.410739
14.392642
14.401020
14.401597
14.411757
14.407915
14.414482
14.423965
14.418334
14.404868
14.396314
14.415899
14.403401
14.418153
14.419665
14.421781
14.430043
14.430398
14.413853
14.421288
14.419773
14.423456
14.434802
14.459266
14.457989
14.457133
14.450988
14.451810
14.449205
14.455436
14.460760
14.452518
14.451864
14.451369
14.494398
14.500408
14.479951
14.484596
14.508608
14.499009
14.515746
14.536084
14.561962
14.535671
14.527723
14.526647
14.516541
14.519569
14.508721
14.504394
14.525304
14.510377
14.460990
14.457757
14.440403
14.436731
14.431966
14.442214
14.438676
14.436313
14.440961
14.443581
14.481186
14.484020
14.499711
14.461596
14.484771
14.485976
14.488730
14.507967
14.516324
14.515861
14.520553
14.521874
14.518628
14.512229
14.484690
14.480730
14.482248
14.468221
14.469344
14.470679
14.461651
14.475382
14.497941
14.475077
14.484685
14.478203
14.484171
14.473566
14.483176
14.478702
14.468624
14.503719
14.504340
14.510537
14.516331
14.538568
14.549780
14.545028
14.548891
14.542677
14.537794
14.539407
14.534508
14.541160
14.546329
14.540231
14.547514
14.552990
14.549925
14.550915
14.540159
14.552035
14.558987
14.544998
14.528977
14.528374
14.519989
14.507923
14.514835
14.529047
14.541138
14.548972
14.551506
14.578065
14.577749
14.581469
14.590085
14.592268
14.598773
14.582611
14.595276
14.609250
14.606364
14.606639
14.615438
14.607027
14.584859
14.597669
14.603838
14.598210
14.600030
14.606723
14.595398
14.611136
14.635599
14.664654
14.668863
14.669017
14.673764
14.671197
14.661808
14.628432
14.621444
14.623015
14.616359
14.589601
14.576094
14.571444
14.599523
14.597921
14.610827
14.604911
14.603922
14.601095
14.604199
14.607116
14.603242
14.586697
14.576879
14.578614
14.581144
14.588362
14.585200
14.570332
14.571317
14.561101
14.556523
14.550503
14.583404
14.583981
14.590238
14.596186
14.591138
14.595586
14.604016
14.609907
14.612294
14.607297
14.608554
14.610255
14.624407
14.627352
14.625285
14.626242
14.612674
14.618763
14.607655
14.605792
14.613134
14.610817
14.611058
14.601038
14.602961
14.599401
14.604172
14.628953
14.626433
14.629886
14.635305
14.668269
14.674621
14.673345
14.672304
14.669912
14.680605
14.694172
14.699681
14.677219
14.678651
14.674098
14.648530
14.678989
14.649626
14.637912
14.631700
14.626819
14.622377
14.639835
14.651801
14.662549
14.678656
14.654154
14.636459
14.628549
14.626780
14.637624
14.656634
14.658453
14.616519
14.617637
14.624804
14.627653
14.629616
14.627928
14.629104
14.635043
14.627390
14.614779
14.610904
14.613140
14.611849
14.614049
14.587701
14.591016
14.592929
14.590390
14.593792
14.582696
14.573238
14.612086
14.605865
14.610531
14.613359
14.614119
14.617707
14.651273
14.655228
14.657198
14.654875
14.646409
14.645987
14.661705
14.668030
14.657866
14.651184
14.641082
14.633218
14.627896
14.641172
14.646041
14.650412
14.645841
14.639873
14.634700
14.616992
14.604945
14.602103
14.593526
14.611645
14.612528
14.614717
14.643371
14.640310
14.643195
14.648677
14.652204
14.686446
14.688557
14.693699
14.693606
14.689660
14.665336
14.662958
14.659851
14.668085
14.662273
14.652647
14.636867
14.635144
14.627445
14.586566
14.586069
14.623433
14.630428
14.616483
14.613358
14.639120
14.640046
14.643978
14.649648
14.645474
14.646228
14.651440
14.646000
14.622444
14.624579
14.627899
14.634733
14.640084
14.654529
14.648951
14.640908
14.646978
14.660402
14.655459
14.659113
14.663210
14.648531
14.651405
14.644106
14.644420
14.638012
14.608073
14.673586
14.680405
14.664904
14.649254
14.661495
14.641640
14.632970
14.642665
14.650051
14.653205
14.638884
14.663439
14.675263
14.646068
14.641134
14.637183
14.624874
14.589087
14.591181
14.587530
14.587616
14.587053
14.588110
14.588697
14.581013
14.580648
14.579844
14.582405
14.580196
14.589290
14.593834
14.609758
14.619616
14.597405
14.593820
14.602065
14.601420
14.610086
14.618116
14.618546
14.612425
14.609644
14.610248
14.612338
14.613119
14.608947
14.583276
14.598436
14.607828
14.614536
14.626681
14.628837
14.627627
14.631606
14.628393
14.605791
14.601235
14.604428
14.597229
14.590830
14.600257
14.621595
14.612224
14.611987
14.646866
14.665539
14.661405
14.634681
14.634775
14.621981
14.624628
14.627630
14.629397
14.593451
14.593024
14.563974
14.570798
14.573307
14.578346
14.578784
14.594518
14.614389
14.614284
14.617741
14.624945
14.634467
14.623870
14.638507
14.649846
14.660588
14.637059
14.628186
14.662049
14.662237
14.661049
14.676661
14.685574
14.676521
14.679312
14.681024
14.695468
14.679745
14.672251
14.612933
14.607608
14.618523
14.612481
14.601235
14.600934
14.603630
14.616409
14.625497
14.606124
14.582154
14.523256
14.530171
14.493101
14.483880
14.478154
14.479504
14.483262
14.491258
14.527104
14.533256
14.537797
14.538210
14.539182
14.542493
14.555507
14.557816
14.558419
14.563551
14.559708
14.571751
14.569621
14.555893
14.565598
14.578279
14.585243
14.532391
14.544512
14.546192
14.548999
14.552475
14.543017
14.536690
14.541448
14.543321
14.544858
14.541516
14.537866
14.537870
14.554627
14.552080
14.550162
14.553073
14.577282
14.577895
14.543831
14.560817
14.580838
14.582466
14.572316
14.583702
14.578207
14.610800
14.612985
14.599035
14.621084
14.625959
14.639620
14.636663
14.631239
14.625985
14.646050
14.656398
14.661090
14.665022
14.653402
14.650024
14.667582
14.677403
14.669556
14.671322
14.695875
14.702085
14.692769
14.684477
14.698713
14.697551
14.727635
14.727329
14.733142
14.741121
14.725315
14.726344
14.727476
14.726479
14.721351
14.720444
14.702456
14.699170
14.699698
14.707283
14.707168
14.712631
14.688239
14.708280
14.691345
14.703180
14.693315
14.692828
14.716650
14.712703
14.722709
14.734258
14.730655
14.726751
14.755489
14.746556
14.762638
14.764087
14.753738
14.757831
14.739778
14.727059
14.710971
14.740171
14.740922
14.737180
14.734692
14.735468
14.720432
14.731515
14.724544
14.711888
14.679060
14.677166
14.661321
14.660134
14.673383
14.674037
14.670672
14.664689
14.670544
14.656644
14.670879
14.677662
14.711568
14.711238
14.698212
14.685701
14.687372
14.725225
14.724375
14.714187
14.711731
14.714780
14.709124
14.704993
14.720232
14.728620
14.722896
14.698274
14.707529
14.718060
14.744887
14.745409
14.745736
14.740364
14.769623
14.751675
14.754128
14.749842
14.752116
14.745973
14.745883
14.746518
14.736618
14.736564
14.724645
14.722905
14.682611
14.676221
14.696963
14.683948
14.683625
14.695751
14.668144
14.687487
14.683936
14.682038
14.702067
14.681588
14.687031
14.683681
14.675095
14.677928
14.647762
14.640859
14.638798
14.630458
14.647319
14.634984
14.635444
14.626323
14.614463
14.604109
14.591564
14.579867
14.581753
14.602994
14.593736
14.588817
14.591311
14.581813
14.567701
14.582876
14.551060
14.562919
14.550004
14.565825
14.572284
14.562709
14.589431
14.556298
14.569294
14.515227
14.512288
14.511259
14.516470
14.505345
14.525270
14.525551
14.526004
14.540647
14.532013
14.522397
14.531352
14.531484
14.537474
14.512957
14.521032
14.524705
14.523696
14.505974
14.497657
14.491576
14.495380
14.463807
14.468306
14.483607
14.499616
14.516569
14.522718
14.535297
14.530811
14.533389
14.520948
14.503085
14.471027
14.454813
14.474951
14.471405
14.461463
14.480123
14.479075
14.481722
14.475412
14.474428
14.462680
14.467500
14.488775
14.486150
14.498658
14.499256
14.473893
14.483462
14.466363
14.470763
14.462769
14.457657
14.468460
14.494869
14.480100
14.469902
14.458431
14.466874
14.468401
14.464088
14.457956
14.473496
14.470520
14.443941
14.445444
14.459836
14.467169
14.458100
14.461119
14.447205
14.447535
14.453216
14.445466
14.452164
14.468894
14.468667
14.490753
14.500138
14.500362
14.516584
14.530440
14.511388
14.526574
14.526550
14.512639
14.483161
14.478414
14.493849
14.480925
14.481531
14.470084
14.465120
14.464742
14.464885
14.462228
14.519121
14.521315
14.506978
14.507135
14.521928
14.524977
14.542281
14.534938
14.545876
14.549779
14.550274
14.515242
14.502273
14.496539
14.488068
14.478646
14.487184
14.492970
14.491688
14.479965
14.512783
14.530952
14.533198
14.542135
14.552924
14.547988
14.552224
14.546454
14.541950
14.556316
14.570152
14.583629
14.584969
14.586419
14.594586
14.586542
14.584549
14.566505
14.567569
14.562955
14.564579
14.563093
14.551975
14.551517
14.543700
14.544489
14.556584
14.545668
14.545715
14.530943
14.530200
14.528949
14.533845
14.535066
14.525475
14.519325
14.498697
14.485770
14.493318
14.504283
14.513801
14.514785
14.493292
14.494188
14.497897
14.495903
14.509547
14.511616
14.514056
14.514427
14.510085
14.511803
14.511839
14.499116
14.495308
14.493587
14.487543
14.479006
14.501845
14.497258
14.493168
14.483525
14.491362
14.498614
14.511816
14.509422
14.503074
14.511021
14.509860
14.515111
14.518455
14.517514
14.499937
14.523297
14.489638
14.508994
14.500698
14.498657
14.491759
14.479348
14.476277
14.487724
14.503537
14.491282
14.489821
14.498357
14.500674
14.498272
14.494096
14.494146
14.478366
14.474767
14.476380
14.495103
14.485978
14.499611
14.496126
14.491304
14.493519
14.497902
14.483450
14.483820
14.454372
14.442113
14.446238
14.436430
14.443233
14.434224
14.431034
14.443021
14.441331
14.453680
14.440067
14.452481
14.455521
14.457204
14.461704
14.461309
14.466919
14.472106
14.484780
14.487570
14.487507
14.490361
14.492576
14.495579
14.489850
14.481343
14.490233
14.491496
14.487066
14.460373
14.459688
14.460952
14.463692
14.484328
14.541470
14.541764
14.538126
14.504906
14.506007
14.494947
14.479890
14.472248
14.471647
14.455546
14.463742
14.462075
14.475854
14.481842
14.469732
14.467918
14.464164
14.439407
14.448499
14.451007
14.450993
14.439699
14.467570
14.468786
14.459577
14.491135
14.492573
14.502520
14.481408
14.482974
14.476421
14.453718
14.446150
14.442442
14.444210
14.440397
14.437982
14.434549
14.423904
14.432940
14.502538
14.499102
14.506383
14.497697
14.495007
14.496167
14.498108
14.518957
14.519703
14.518649
14.521450
14.513777
14.502438
14.492724
14.486859
14.489259
14.498741
14.474555
14.499137
14.503632
14.527640
14.535164
14.532881
14.543366
14.544176
14.559839
14.529665
14.532548
14.533056
14.514923
14.524489
14.512921
14.511331
14.508776
14.508131
14.511565
14.517745
14.519753
14.525333
14.511913
14.509100
14.518992
14.528180
14.545433
14.542467
14.553301
14.559015
14.564686
14.573499
14.565302
14.530921
14.536575
14.540248
14.542769
14.528683
14.535584
14.532025
14.528925
14.525903
14.533532
14.500101
14.504785
14.489470
14.503131
14.506046
14.507240
14.511521
14.494100
14.497262
14.501065
14.508986
14.516178
14.508872
14.504784
14.485312
14.477292
14.490810
14.503455
14.502021
14.508739
14.508786
14.499741
14.496685
14.496239
14.495608
14.500946
14.488429
14.492437
14.494702
14.504961
14.458151
14.456615
14.457371
14.465497
14.467143
14.465952
14.455862
14.450179
14.486063
14.510249
14.480619
14.477574
14.508035
14.505111
14.474241
14.472174
14.462628
14.474006
14.469597
14.434430
14.397894
14.406689
14.399795
14.394048
14.409672
14.396992
14.390507
14.381876
14.375096
14.374977
14.387024
14.381218
14.383899
14.372377
14.373577
14.388883
14.402197
14.415934
14.422182
14.418299
14.417264
14.416164
14.425094
14.399036
14.388728
14.384607
14.381257
14.383913
14.387655
14.383815
14.357906
14.369566
14.352801
14.335520
14.345639
14.375065
14.386059
14.385542
14.387691
14.398350
14.390906
14.394729
14.391580
14.387092
14.399719
14.396698
14.408136
14.416277
14.424146
14.420532
14.414895
14.428986
14.436174
14.436295
14.439465
14.420678
14.411716
14.429285
14.456604
14.454765
14.437330
14.441760
14.436266
14.437923
14.448621
14.449181
14.384947
14.387413
14.390548
14.399333
14.424273
14.426204
14.430684
14.438568
14.419045
14.415817
14.406657
14.415832
14.386488
14.409915
14.429568
14.432964
14.398810
14.393110
14.381634
14.370504
14.351216
14.347673
14.342589
14.334855
14.324197
14.316501
14.320906
14.325732
14.319094
14.308899
14.306896
14.320192
14.320877
14.303259
14.355136
14.362437
14.371066
14.354121
14.345548
14.344521
14.346412
14.340048
14.323241
14.337803
14.356084
14.369253
14.392730
14.382090
14.389603
14.356390
14.348977
14.348922
14.352690
14.352533
14.349685
14.351499
14.346112
14.344207
14.355840
14.373640
14.360303
14.353552
14.358104
14.357492
14.366999
14.366979
14.370615
14.369076
14.394155
14.436249
14.423575
14.442927
14.419520
14.414918
14.433360
14.432841
14.432708
14.440851
14.446454
14.430529
14.431756
14.438002
14.422736
14.428812
14.420400
14.428460
14.424320
14.426840
14.426788
14.427158
14.442096
14.430626
14.423361
14.423254
14.418304
14.457176
14.434536
14.422938
14.416068
14.393487
14.392265
14.383164
14.382333
14.389155
14.381647
14.381385
14.371524
14.349311
14.345557
14.381183
14.402512
14.401501
14.393473
14.372892
14.380333
14.382146
14.368861
14.369385
14.369518
14.372013
14.386212
14.352032
14.359588
14.351734
14.347109
14.322456
14.319546
14.327338
14.333294
14.342204
14.338491
14.351102
14.365203
14.341675
14.322063
14.317046
14.304948
14.299813
14.302875
14.289227
14.290686
14.299004
14.295340
14.295869
14.293098
14.289764
14.319715
14.303156
14.297952
14.296289
14.306055
14.291179
14.306084
14.309270
14.309808
14.318581
14.325748
14.323154
14.313076
14.298822
14.288140
14.287451
14.284949
14.289648
14.296141
14.294890
14.294617
14.293665
14.283119
14.276300
14.289153
14.304895
14.306404
14.294183
14.292336
14.292345
14.321286
14.325595
14.332985
14.306634
14.323807
14.308235
14.312836
14.302732
14.302477
14.303580
14.309305
14.327693
14.324998
14.323945
14.298397
14.300166
14.295956
14.299700
14.314920
14.297588
14.293497
14.299367
14.289133
14.295500
14.294469
14.281768
14.285778
14.278877
14.275891
14.265389
14.298620
14.320736
14.318651
14.335351
14.348987
14.388224
14.382933
14.409880
14.418793
14.422740
14.456019
14.473407
14.476467
14.477487
14.469514
14.467267
14.495111
14.493513
14.492961
14.492422
14.504694
14.500104
14.490873
14.507524
14.511717
14.523265
14.506106
14.497279
14.512436
14.514777
14.513218
14.516221
14.504087
14.508499
14.534741
14.526748
14.530957
14.529257
14.511959
14.498703
14.499601
14.535078
14.544098
14.531635
14.520648
14.532516
14.527910
14.532589
14.553995
14.563535
14.582647
14.588400
14.565933
14.557819
14.576988
14.574458
14.579697
14.597993
14.598740
14.606588
14.604173
14.607258
14.606530
14.602766
14.599947
14.596963
14.603516
14.596744
14.606588
14.613558
14.620155
14.654352
14.654289
14.642570
14.652079
14.651329
14.656229
14.667590
14.661920
14.640180
14.649294
14.636661
14.631473
14.624292
14.620173
14.606149
14.600644
14.603984
14.619951
14.663745
14.660481
14.628457
14.629351
14.632440
14.630763
14.636631
14.630200
14.633784
14.627995
14.627203
14.626212
14.616723
14.618478
14.613415
14.609350
14.604730
14.617608
14.604964
14.626600
14.636628
14.651519
14.627230
14.611263
14.601829
14.583162
14.587423
14.581265
14.573226
14.582537
14.568926
14.594922
14.593123
14.591966
14.602333
14.602512
14.601529
14.609186
14.611048
14.607108
14.591466
14.600041
14.606640
14.602674
14.589636
14.599742
14.603714
14.612910
14.621576
14.638365
14.641092
14.626195
14.628698
14.611062
14.638641
14.645432
14.645163
14.633349
14.663657
14.656854
14.665027
14.632258
14.631769
14.638663
14.650394
14.630577
14.643670
14.637579
14.631451
14.618071
14.601257
14.601450
14.600818
14.595781
14.578007
14.565990
14.577433
14.576091
14.580825
14.602682
14.599492
14.577757
14.576265
14.570022
14.566759
14.553075
14.553501
14.552829
14.554081
14.549923
14.534574
14.525223
14.526583
14.542095
14.539857
14.527246
14.515989
14.505443
14.515569
14.518151
14.519582
14.553956
14.563375
14.569096
14.555931
14.564580
14.566794
14.563167
14.572168
14.578474
14.569851
14.587756
14.593521
14.595289
14.564285
14.563807
14.582478
14.577435
14.571140
14.578283
14.601082
14.597069
14.605264
14.628075
14.620739
14.623295
14.626130
14.620658
14.606894
14.603791
14.594835
14.624607
14.629002
14.628163
14.636240
14.629868
14.650722
14.651243
14.633176
14.612211
14.601651
14.608321
14.631693
14.637065
14.616510
14.593288
14.596593
14.595765
14.587903
14.581172
14.576477
14.576177
14.574849
14.594023
14.598495
14.620851
14.611506
14.619664
14.593948
14.583241
14.575844
14.537520
14.546508
14.565509
14.567932
14.582825
14.581432
14.595418
14.590742
14.584796
14.555351
14.540972
14.547788
14.555049
14.550852
14.553003
14.551943
14.550503
14.561747
14.571048
14.580041
14.588742
14.593840
14.596703
14.610137
14.607293
14.636234
14.655878
14.658721
14.646303
14.640635
14.638917
14.656158
14.655087
14.661461
14.651374
14.670048
14.669259
14.668769
14.678750
14.683776
14.684689
14.683623
14.692457
14.671048
14.663967
14.651044
14.649704
14.646535
14.659262
14.653421
14.658630
14.659690
14.663565
14.666270
14.662308
14.651739
14.649510
14.647840
14.647979
14.642912
14.638918
14.643644
14.647344
14.647870
14.649384
14.659476
14.650360
14.650648
14.641140
14.656728
14.671225
14.686750
14.669962
14.679756
14.650101
14.656435
14.658453
14.665814
14.657978
14.649748
14.652483
14.631915
14.596707
14.614754
14.618524
14.626347
14.620520
14.624972
14.624331
14.628672
14.615131
14.627155
14.660426
14.680690
14.681434
14.670161
14.673193
14.679301
14.693891
14.726492
14.733154
14.732147
14.723834
14.714398
14.681667
14.684366
14.694403
14.640255
14.664373
14.657498
14.667406
14.692247
14.695926
14.700231
14.696767
14.685619
14.704207
14.719693
14.716616
14.713714
14.694370
14.694146
14.696503
14.695402
14.703187
14.698353
14.706900
14.686633
14.665810
14.693638
14.670102
14.659294
14.654809
14.652732
14.652522
14.685839
14.694369
14.699026
14.695998
14.682330
14.677654
14.668461
14.661516
14.661962
14.662226
14.676071
14.703370
14.700345
14.698569
14.702608
14.717354
14.718339
14.723932
14.718678
14.725191
14.719818
14.737078
14.723444
14.709631
14.709654
14.715736
14.736386
14.740770
14.729935
14.725925
14.730939
14.729890
14.724972
14.717378
14.717748
14.718717
14.715859
14.723723
14.751666
14.754849
14.774268
14.796944
14.809474
14.801832
14.806134
14.799898
14.780158
14.750090
14.741773
14.742183
14.744485
14.731973
14.729354
14.721768
14.720271
14.722987
14.710279
14.704128
14.706774
14.707138
14.689644
14.689359
14.666929
14.662311
14.647085
14.661377
14.662069
14.660254
14.660277
14.664102
14.663658
14.668083
14.660482
14.655100
14.637850
14.637796
14.643609
14.646592
14.670485
14.675074
14.680559
14.689148
14.691614
14.695434
14.703631
14.717243
14.722380
14.731953
14.747552
14.760356
14.755448
14.737723
14.755975
14.757355
14.749449
14.745595
14.739773
14.734600
14.750135
14.772430
14.779482
14.778315
14.789477
14.787450
14.787389
14.800943
14.799671
14.803242
14.817710
14.813965
14.832925
14.823291
14.832560
14.825645
14.825087
14.829801
14.834982
14.861988
14.862816
14.871188
14.869190
14.884267
14.858809
14.831390
14.839331
14.864679
14.863051
14.848956
14.847749
14.820923
14.813017
14.808350
14.810459
14.810681
14.812766
14.818830
14.813691
14.821338
14.817345
14.828928
14.835239
14.850922
14.852512
14.870791
14.875573
14.871391
14.872265
14.871297
14.860157
14.853239
14.845728
14.845493
14.845104
14.834387
14.812937
14.812085
14.822759
14.809576
14.811269
14.818196
14.830805
14.829883
14.819705
14.810913
14.811096
14.813392
14.803184
14.815239
14.802722
14.812148
14.786130
14.815199
14.784042
14.791423
14.790373
14.786614
14.800363
14.792509
14.796187
14.789140
14.773093
14.773109
14.775374
14.770301
14.774183
14.789812
14.790643
14.790136
14.773310
14.785116
14.794417
14.801053
14.798062
14.799493
14.782728
14.798089
14.779611
14.774891
14.806783
14.806804
14.794138
14.812085
14.812152
14.821302
14.806346
14.819657
14.834603
14.835618
14.845572
14.843144
14.850880
14.894581
14.906526
14.928499
14.941615
14.935158
14.948021
14.940499
14.919026
14.910111
14.914642
14.912132
14.951369
14.958573
14.954400
14.960699
14.957096
14.962725
14.963957
14.972178
14.971958
14.959481
14.956565
14.957417
14.962307
14.959285
14.952807
14.940965
14.906651
14.913189
14.912519
14.894538
14.889478
14.932067
14.912155
14.903169
14.903410
14.939323
14.932631
14.921157
14.955830
14.962359
14.952396
14.949047
14.950750
14.951980
14.975249
14.999249
15.000953
14.998031
14.992035
14.984457
14.977680
14.979953
14.970535
14.972685
14.953255
14.955471
14.978114
14.970505
14.986924
14.991438
14.978955
14.969575
14.967945
14.950716
14.940655
14.950091
14.946455
14.956102
14.970445
14.985390
15.001036
15.010574
14.998859
14.989870
14.983608
14.986373
14.986746
15.007567
15.007557
14.990942
14.963606
14.952260
14.930082
14.934712
14.918652
14.919329
14.901051
14.908659
14.910667
14.918067
14.922826
14.931142
14.937887
14.911603
14.903771
14.876612
14.851084
14.808214
14.815058
14.796023
14.808753
14.820728
14.815351
14.793814
14.803982
14.798911
14.797087
14.798972
14.814491
14.820702
14.810557
14.811626
14.818356
14.839108
14.855543
14.843231
14.826852
14.810604
14.808146
14.794918
14.795475
14.792941
14.815946
14.816234
14.802162
14.815727
14.812925
14.827941
14.838000
14.839541
14.844899
14.828260
14.844746
14.861706
14.863071
14.861793
14.853600
14.851460
14.876493
14.879055
14.886552
14.875519
14.868457
14.881285
14.884089
14.884051
14.881326
14.894854
14.895619
14.893673
14.899983
14.905334
14.905498
14.900791
14.895572
14.886762
14.860700
14.880219
14.875440
14.858100
14.871853
14.861068
14.850778
14.859712
14.870272
14.869288
14.880998
14.870443
14.875605
14.880263
14.873154
14.864555
14.864406
14.853124
14.855685
14.850631
14.853003
14.841271
14.837947
14.858069
14.838540
14.839262
14.829002
14.847688
14.838418
14.842734
14.848556
14.878631
14.869054
14.874551
14.867746
14.899897
14.883187
14.897435
14.883045
14.878838
14.867831
14.874035
14.853438
14.844516
14.828041
14.818964
14.814108
14.819069
14.817099
14.820769
14.809585
14.818405
14.821384
14.834899
14.852329
14.871997
14.884833
14.885720
14.877664
14.845796
14.851131
14.851132
14.834502
14.826762
14.795666
14.777733
14.767459
14.759810
14.754992
14.749471
14.740427
14.746846
14.750868
14.740485
14.746929
14.748261
14.758511
14.761263
14.763197
14.819834
14.804016
14.807722
14.818942
14.816786
14.832344
14.836019
14.829874
14.826869
14.844269
14.863133
14.854352
14.873688
14.859195
14.848795
14.847858
14.839898
14.844257
14.853251
14.849932
14.858558
14.855977
14.867371
14.873894
14.878468
14.878655
14.880653
14.901663
14.868949
14.863356
14.862250
14.857873
14.865608
14.852089
14.851191
14.866694
14.919123
14.885911
14.886781
14.887804
14.886523
14.910213
14.905732
14.903786
14.887938
14.883848
14.884839
14.887245
14.904188
14.901828
14.898094
14.899308
14.911770
14.915974
14.925290
14.928984
14.927565
14.933406
14.923715
14.945004
14.919825
14.917046
14.927423
14.970291
14.967200
14.956745
14.953869
14.948527
14.957476
14.928691
14.925871
14.914665
14.901156
14.937883
14.933657
14.935667
14.934844
14.915425
14.918571
14.920088
14.932911
14.939791
14.938070
14.935578
14.939729
14.940696
14.953969
14.955405
14.955056
14.994173
14.997700
15.008934
15.013853
15.000737
15.001989
15.006130
15.024407
15.004944
15.016105
15.010236
15.029958
15.039827
15.068054
15.068174
15.071816
15.055795
15.055309
15.039910
15.044281
15.038845
14.993002
14.990103
15.000175
14.974272
14.976500
14.979232
14.972938
14.960625
14.935354
14.936674
14.886925
14.877751
14.924469
14.931411
14.914342
14.923149
14.943698
14.961692
14.961004
14.966420
14.977674
14.973815
14.967640
14.964181
14.959266
14.949103
14.955016
14.952824
14.941737
15.003218
14.977909
14.975007
14.984894
14.985638
14.971578
14.966128
14.956971
14.953875
14.944982
14.944288
14.954560
14.946073
14.945034
14.958431
14.953157
14.957945
14.937358
14.951486
14.951435
14.954142
14.948369
14.946306
14.949619
14.945441
14.946284
14.948975
14.964924
14.957113
14.963991
14.960909
14.963099
14.942314
14.926786
14.946701
14.937888
14.935228
14.942196
14.970405
14.949288
14.914087
14.948595
14.940329
14.909600
14.917829
14.910263
14.909015
14.918474
14.928563
14.930347
14.942814
14.952793
14.946781
14.945986
14.946268
14.935411
14.937329
14.935890
14.944547
14.965227
14.904477
14.874995
14.859101
14.853660
14.812939
14.821857
14.774882
14.804764
14.793885
14.798680
14.799351
14.807690
14.826437
14.843557
14.851044
14.827177
14.826211
14.843748
14.834675
14.862358
14.865789
14.876760
14.888352
14.879396
14.886144
14.925835
14.922779
14.897267
14.883469
14.884400
14.888322
14.925344
14.932266
14.895265
14.883707
14.864219
14.845679
14.861008
14.871086
14.873540
14.870829
14.875098
14.865965
14.840867
14.847016
14.838792
14.816954
14.826431
14.832712
14.833561
14.837451
14.827345
14.803615
14.801928
14.798972
14.790510
14.791781
14.790784
14.798242
14.800219
14.786089
14.801334
14.820028
14.826638
14.839976
14.833118
14.836835
14.832628
14.834623
14.816231
14.821446
14.822682
14.831387
14.849902
14.849382
14.856003
14.870086
14.877850
14.875283
14.891732
14.898307
14.865176
14.855650
14.853634
14.872946
14.882729
14.884192
14.883383
14.891099
14.891774
14.899583
14.899969
14.900464
14.888924
14.868326
14.866875
14.882970
14.882149
14.877467
14.889995
14.881828
14.852250
14.869935
14.867620
14.881136
14.881958
14.914031
14.922256
14.920035
14.918508
14.924693
14.926368
14.934944
14.932397
14.931018
14.925635
14.920893
14.920733
14.921492
14.917731
14.921735
14.922987
14.937898
14.915981
14.912498
14.903959
14.894636
14.906314
14.909826
14.898284
14.891436
14.902977
14.884985
14.893626
14.933228
14.912817
14.920801
14.915647
14.920378
14.910997
14.920286
14.924724
14.911959
14.919905
14.906331
14.899048
14.901990
14.890207
14.890419
14.855724
14.841139
14.842094
14.835791
14.831147
14.854792
14.858404
14.859144
14.878992
14.885216
14.893624
14.908986
14.915049
14.916722
14.912436
14.908580
14.900818
14.887036
14.905589
14.932621
14.943741
14.959985
14.952696
14.948078
14.961490
14.968750
14.963033
14.976229
14.958128
14.951372
14.965304
14.960299
14.959214
14.959070
14.954368
14.953621
14.940908
14.940759
14.945634
14.960709
14.960727
14.954438
14.937514
14.928203
14.922179
14.909413
14.892794
14.892587
14.879273
14.872595
14.878426
14.878918
14.865498
14.884135
14.880290
14.892678
14.916137
14.909969
14.915038
14.910660
14.914229
14.920933
14.854656
14.832370
14.834161
14.848382
14.845144
14.862304
14.864760
14.828098
14.848327
14.853235
14.805650
14.807120
14.798178
14.803078
14.794395
14.785586
14.783912
14.790526
14.811498
14.785844
14.799714
14.796473
14.802939
14.818931
14.812932
14.831626
14.819370
14.808671
14.804364
14.803360
14.818639
14.841546
14.842504
14.849196
14.853270
14.853953
14.828258
14.831414
14.855363
14.874303
14.870724
14.856612
14.822747
14.827249
14.811964
14.817592
14.799290
14.793301
14.776360
14.759800
14.743592
14.749667
14.750260
14.755358
14.757960
14.758112
14.762498
14.753348
14.747338
14.738850
14.726590
14.702977
14.692117
14.680090
14.703168
14.700273
14.709666
14.685334
14.667228
14.667184
14.666085
14.686633
14.691504
14.684624
14.676913
14.672216
14.679494
14.678692
14.679982
14.699659
14.675833
14.682351
14.665168
14.670772
14.670732
14.689689
14.703168
14.707764
14.685961
14.700902
14.738819
14.718697
14.713208
14.696448
14.690543
14.708433
14.705332
14.706412
14.679857
14.676806
14.675090
14.675973
14.668899
14.626227
14.657785
14.673920
14.675940
14.693729
14.694816
14.716624
14.708745
14.706799
14.710295
14.708629
14.704535
14.723168
14.724296
14.696314
14.689673
14.700766
14.735955
14.719016
14.726347
14.717115
14.720780
14.727231
14.732620
14.730370
14.744830
14.747337
14.734796
14.737066
14.742081
14.722436
14.722351
14.728957
14.729064
14.700971
14.715726
14.716907
14.732007
14.730587
14.725888
14.732609
14.761171
14.761283
14.780270
14.792817
14.762878
14.756499
14.744371
14.742982
14.736042
14.733380
14.741494
14.740945
14.724483
14.735528
14.718152
14.707310
14.706189
14.709392
14.705056
14.715088
14.701576
14.706704
14.720065
14.721148
14.728534
14.709929
14.704009
14.680242
14.685796
14.681962
14.686049
14.685882
14.711222
14.704824
14.708013
14.723523
14.732947
14.724069
14.725845
14.734196
14.730320
14.758103
14.739460
14.732900
14.732363
14.749926
14.760146
14.759646
14.751479
14.756793
14.765357
14.756208
14.740022
14.744765
14.735754
14.727555
14.729819
14.745176
14.763830
14.748948
14.728467
14.716488
14.708182
14.708294
14.684161
14.681221
14.684142
14.702813
14.710487
14.693769
14.730192
14.721029
14.734560
14.712419
14.712077
14.723162
14.724887
14.724065
14.709202
14.731353
14.733819
14.732385
14.735113
14.729206
14.737772
14.728841
14.740544
14.733068
14.739695
14.752846
14.748399
14.748894
14.728834
14.733402
14.736306
14.737681
14.745491
14.722902
14.717645
14.723084
14.704484
14.696215
14.676325
14.658472
14.659319
14.638558
14.633753
14.639626
14.644510
14.645419
14.672189
14.651199
14.697137
14.694510
14.713283
14.708785
14.697938
14.701012
14.712193
14.708839
14.712565
14.724249
14.714045
14.731160
14.715117
14.728873
14.715774
14.729340
14.727450
14.734799
14.717733
14.703810
14.711223
14.701530
14.699513
14.703813
14.710108
14.689270
14.665245
14.655432
14.655532
14.652606
14.649065
14.657030
14.656738
14.644182
14.644925
14.636736
14.637741
14.631296
14.639421
14.636562
14.660172
14.682400
14.680253
14.660225
14.664427
14.663082
14.668059
14.640649
14.641048
14.658676
14.619763
14.612950
14.610884
14.605115
14.592281
14.592853
14.597430
14.591112
14.581599
14.598016
14.618165
14.634950
14.611598
14.597246
14.605408
14.589450
